0.000141 0.000677
0.000424 0.002010
0.000707 0.003379
0.000990 0.004690
0.001273 0.006116
0.001556 0.007385
0.001838 0.008642
0.002121 0.009999
0.002404 0.011501
0.002687 0.012699
0.002970 0.014071
0.003253 0.015604
0.003536 0.016642
0.003818 0.018027
0.004101 0.019445
0.004384 0.020881
0.004667 0.022109
0.004950 0.023500
0.005233 0.024880
0.005515 0.026297
0.005798 0.027181
0.006081 0.028755
0.006364 0.030034
0.006647 0.031707
0.006930 0.033242
0.007212 0.034125
0.007495 0.035440
0.007778 0.036958
0.008061 0.038261
0.008344 0.039700
0.008627 0.040985
0.008910 0.042278
0.009192 0.043198
0.009475 0.044955
0.009758 0.046074
0.010041 0.047579
0.010324 0.048927
0.010607 0.050106
0.010889 0.051443
0.011172 0.052843
0.011455 0.054397
0.011738 0.055736
0.012021 0.056765
0.012304 0.058262
0.012587 0.059536
0.012869 0.060573
0.013152 0.062432
0.013435 0.063536
0.013718 0.064983
0.014001 0.066471
0.014284 0.068003
0.014566 0.069242
0.014849 0.070747
0.015132 0.071820
0.015415 0.073035
0.015698 0.074145
0.015981 0.075789
0.016263 0.077151
0.016546 0.078406
0.016829 0.079854
0.017112 0.080955
0.017395 0.082211
0.017678 0.083622
0.017961 0.084975
0.018243 0.086232
0.018526 0.087779
0.018809 0.088753
0.019092 0.090162
0.019375 0.091951
0.019658 0.092856
0.019940 0.094345
0.020223 0.095969
0.020506 0.097243
0.020789 0.098708
0.021072 0.099728
0.021355 0.101156
0.021637 0.102312
0.021920 0.103495
0.022203 0.104665
0.022486 0.106218
0.022769 0.107187
0.023052 0.108969
0.023335 0.110572
0.023617 0.111743
0.023900 0.113208
0.024183 0.114234
0.024466 0.115683
0.024749 0.116418
0.025032 0.118078
0.025314 0.119757
0.025597 0.120947
0.025880 0.122552
0.026163 0.123528
0.026446 0.125363
0.026729 0.126833
0.027011 0.127954
0.027294 0.129269
0.027577 0.129915
0.027860 0.131218
0.028143 0.132822
0.028426 0.134101
0.028709 0.135766
0.028991 0.137190
0.029274 0.138253
0.029557 0.139424
0.029840 0.141142
0.030123 0.142553
0.030406 0.143498
0.030688 0.144869
0.030971 0.145612
0.031254 0.147621
0.031537 0.148913
0.031820 0.150167
0.032103 0.151919
0.032385 0.153054
0.032668 0.153564
0.032951 0.154821
0.033234 0.156328
0.033517 0.157779
0.033800 0.159425
0.034083 0.161180
0.034365 0.162028
0.034648 0.162868
0.034931 0.165389
0.035214 0.166094
0.035497 0.166609
0.035780 0.168621
0.036062 0.169928
0.036345 0.171095
0.036628 0.172853
0.036911 0.174058
0.037194 0.176124
0.037477 0.177110
0.037760 0.177818
0.038042 0.178732
0.038325 0.180326
0.038608 0.181906
0.038891 0.183169
0.039174 0.184288
0.039457 0.185680
0.039739 0.187068
0.040022 0.188497
0.040305 0.189354
0.040588 0.190773
0.040871 0.192445
0.041154 0.193017
0.041436 0.194834
0.041719 0.195345
0.042002 0.197528
0.042285 0.199187
0.042568 0.200537
0.042851 0.201079
0.043134 0.202813
0.043416 0.204185
0.043699 0.205175
0.043982 0.206674
0.044265 0.207823
0.044548 0.209715
0.044831 0.211122
0.045113 0.211896
0.045396 0.213742
0.045679 0.214841
0.045962 0.215800
0.046245 0.217215
0.046528 0.218857
0.046810 0.220119
0.047093 0.221218
0.047376 0.222109
0.047659 0.223646
0.047942 0.225728
0.048225 0.225869
0.048508 0.227181
0.048790 0.228771
0.049073 0.230361
0.049356 0.231094
0.049639 0.232569
0.049922 0.234183
0.050205 0.235507
0.050487 0.236453
0.050770 0.238089
0.051053 0.238841
0.051336 0.240890
0.051619 0.242330
0.051902 0.242825
0.052184 0.244093
0.052467 0.245331
0.052750 0.246566
0.053033 0.248626
0.053316 0.250703
0.053599 0.250597
0.053882 0.252147
0.054164 0.254358
0.054447 0.254484
0.054730 0.255637
0.055013 0.257250
0.055296 0.258189
0.055579 0.260389
0.055861 0.260456
0.056144 0.262396
0.056427 0.263834
0.056710 0.265542
0.056993 0.265409
0.057276 0.267445
0.057558 0.269474
0.057841 0.269398
0.058124 0.271751
0.058407 0.272361
0.058690 0.274291
0.058973 0.276093
0.059256 0.276536
0.059538 0.277921
0.059821 0.279134
0.060104 0.280069
0.060387 0.282822
0.060670 0.282397
0.060953 0.284377
0.061235 0.285478
0.061518 0.286512
0.061801 0.287561
0.062084 0.289411
0.062367 0.290377
0.062650 0.291113
0.062933 0.292919
0.063215 0.294936
0.063498 0.296184
0.063781 0.297145
0.064064 0.298153
0.064347 0.299515
0.064630 0.301300
0.064912 0.302702
0.065195 0.304159
0.065478 0.305340
0.065761 0.305992
0.066044 0.308281
0.066327 0.308649
0.066609 0.309997
0.066892 0.311037
0.067175 0.312732
0.067458 0.313875
0.067741 0.314083
0.068024 0.315859
0.068307 0.317564
0.068589 0.319036
0.068872 0.320244
0.069155 0.321002
0.069438 0.322903
0.069721 0.323127
0.070004 0.325589
0.070286 0.326794
0.070569 0.326957
0.070852 0.328679
0.071135 0.330226
0.071418 0.331693
0.071701 0.332351
0.071983 0.334075
0.072266 0.334536
0.072549 0.336594
0.072832 0.338151
0.073115 0.339581
0.073398 0.340686
0.073681 0.341938
0.073963 0.342803
0.074246 0.344190
0.074529 0.345068
0.074812 0.345971
0.075095 0.347336
0.075378 0.348985
0.075660 0.350204
0.075943 0.352274
0.076226 0.352610
0.076509 0.353434
0.076792 0.355590
0.077075 0.355965
0.077357 0.358551
0.077640 0.360103
0.077923 0.360129
0.078206 0.361681
0.078489 0.362598
0.078772 0.364475
0.079055 0.365376
0.079337 0.366630
0.079620 0.366824
0.079903 0.369127
0.080186 0.370850
0.080469 0.370391
0.080752 0.373390
0.081034 0.374307
0.081317 0.376305
0.081600 0.376957
0.081883 0.377202
0.082166 0.378915
0.082449 0.379908
0.082731 0.380997
0.083014 0.382846
0.083297 0.383383
0.083580 0.385953
0.083863 0.387006
0.084146 0.387197
0.084429 0.389604
0.084711 0.389905
0.084994 0.391324
0.085277 0.393905
0.085560 0.394525
0.085843 0.395342
0.086126 0.396717
0.086408 0.396251
0.086691 0.398801
0.086974 0.400157
0.087257 0.401411
0.087540 0.402406
0.087823 0.404198
0.088106 0.405329
0.088388 0.406018
0.088671 0.408317
0.088954 0.407643
0.089237 0.410293
0.089520 0.410875
0.089803 0.411465
0.090085 0.412971
0.090368 0.413668
0.090651 0.416398
0.090934 0.416820
0.091217 0.418060
0.091500 0.419692
0.091782 0.420582
0.092065 0.421965
0.092348 0.424298
0.092631 0.425074
0.092914 0.426052
0.093197 0.426022
0.093480 0.428277
0.093762 0.429720
0.094045 0.430340
0.094328 0.431432
0.094611 0.433086
0.094894 0.434988
0.095177 0.434495
0.095459 0.436951
0.095742 0.438941
0.096025 0.439376
0.096308 0.439909
0.096591 0.441324
0.096874 0.442866
0.097156 0.443858
0.097439 0.444376
0.097722 0.446399
0.098005 0.448236
0.098288 0.449560
0.098571 0.449544
0.098854 0.451837
0.099136 0.453194
0.099419 0.453882
0.099702 0.453830
0.099985 0.455935
0.100268 0.457091
0.100551 0.458738
0.100833 0.460329
0.101116 0.460803
0.101399 0.461941
0.101682 0.464167
0.101965 0.464702
0.102248 0.464668
0.102530 0.466419
0.102813 0.468187
0.103096 0.470159
0.103379 0.469915
0.103662 0.470815
0.103945 0.472260
0.104228 0.474684
0.104510 0.475431
0.104793 0.476795
0.105076 0.477653
0.105359 0.476647
0.105642 0.478521
0.105925 0.480397
0.106207 0.482446
0.106490 0.484189
0.106773 0.484085
0.107056 0.486290
0.107339 0.488403
0.107622 0.487804
0.107904 0.489168
0.108187 0.490268
0.108470 0.492140
0.108753 0.493177
0.109036 0.493362
0.109319 0.494835
0.109602 0.497160
0.109884 0.497567
0.110167 0.498624
0.110450 0.500568
0.110733 0.500786
0.111016 0.502616
0.111299 0.503383
0.111581 0.504229
0.111864 0.505016
0.112147 0.506930
0.112430 0.508659
0.112713 0.509691
0.112996 0.510677
0.113279 0.511873
0.113561 0.513465
0.113844 0.513606
0.114127 0.515662
0.114410 0.516347
0.114693 0.517130
0.114976 0.519253
0.115258 0.520229
0.115541 0.520722
0.115824 0.523166
0.116107 0.523919
0.116390 0.524333
0.116673 0.525533
0.116955 0.527009
0.117238 0.527914
0.117521 0.530299
0.117804 0.530170
0.118087 0.531104
0.118370 0.532653
0.118653 0.533554
0.118935 0.535580
0.119218 0.536539
0.119501 0.537369
0.119784 0.539480
0.120067 0.539275
0.120350 0.540856
0.120632 0.540361
0.120915 0.542909
0.121198 0.545018
0.121481 0.545504
0.121764 0.547208
0.122047 0.547421
0.122329 0.549409
0.122612 0.549373
0.122895 0.550980
0.123178 0.552113
0.123461 0.553544
0.123744 0.555190
0.124027 0.555589
0.124309 0.556049
0.124592 0.557512
0.124875 0.559405
0.125158 0.560393
0.125441 0.561437
0.125724 0.562188
0.126006 0.564460
0.126289 0.563412
0.126572 0.564997
0.126855 0.567174
0.127138 0.568854
0.127421 0.569840
0.127703 0.571042
0.127986 0.572750
0.128269 0.573953
0.128552 0.575462
0.128835 0.575182
0.129118 0.575249
0.129401 0.577152
0.129683 0.577538
0.129966 0.579770
0.130249 0.581459
0.130532 0.581906
0.130815 0.582977
0.131098 0.583556
0.131380 0.586000
0.131663 0.586805
0.131946 0.588037
0.132229 0.588246
0.132512 0.590788
0.132795 0.590877
0.133077 0.593414
0.133360 0.592954
0.133643 0.594733
0.133926 0.594531
0.134209 0.596586
0.134492 0.597515
0.134775 0.599533
0.135057 0.600142
0.135340 0.601598
0.135623 0.601649
0.135906 0.603202
0.136189 0.605262
0.136472 0.605692
0.136754 0.606900
0.137037 0.607686
0.137320 0.609128
0.137603 0.610464
0.137886 0.612360
0.138169 0.611974
0.138452 0.613831
0.138734 0.615445
0.139017 0.615503
0.139300 0.615681
0.139583 0.617875
0.139866 0.619145
0.140149 0.618650
0.140431 0.620491
0.140714 0.621941
0.140997 0.623304
0.141280 0.623079
0.141563 0.625316
0.141846 0.627390
0.142128 0.627784
0.142411 0.630041
0.142694 0.629757
0.142977 0.630486
0.143260 0.632503
0.143543 0.632017
0.143826 0.634491
0.144108 0.634571
0.144391 0.636058
0.144674 0.637304
0.144957 0.637693
0.145240 0.640028
0.145523 0.641212
0.145805 0.643174
0.146088 0.643931
0.146371 0.643405
0.146654 0.645060
0.146937 0.645793
0.147220 0.647277
0.147502 0.649539
0.147785 0.649917
0.148068 0.649895
0.148351 0.652585
0.148634 0.653540
0.148917 0.654994
0.149200 0.655272
0.149482 0.655893
0.149765 0.657392
0.150048 0.658507
0.150331 0.659213
0.150614 0.659697
0.150897 0.660081
0.151179 0.662027
0.151462 0.663722
0.151745 0.663224
0.152028 0.665646
0.152311 0.665749
0.152594 0.668200
0.152876 0.669655
0.153159 0.669575
0.153442 0.670512
0.153725 0.672175
0.154008 0.671996
0.154291 0.675316
0.154574 0.674799
0.154856 0.676095
0.155139 0.677705
0.155422 0.678124
0.155705 0.679349
0.155988 0.680391
0.156271 0.680740
0.156553 0.682695
0.156836 0.683390
0.157119 0.683838
0.157402 0.685875
0.157685 0.686878
0.157968 0.687300
0.158250 0.688600
0.158533 0.689786
0.158816 0.691275
0.159099 0.691576
0.159382 0.693767
0.159665 0.695223
0.159948 0.694420
0.160230 0.695983
0.160513 0.696315
0.160796 0.698193
0.161079 0.699554
0.161362 0.699863
0.161645 0.701307
0.161927 0.700493
0.162210 0.703491
0.162493 0.704947
0.162776 0.705853
0.163059 0.706519
0.163342 0.707767
0.163625 0.708223
0.163907 0.710550
0.164190 0.711647
0.164473 0.712499
0.164756 0.712941
0.165039 0.713155
0.165322 0.715176
0.165604 0.715189
0.165887 0.716495
0.166170 0.717592
0.166453 0.718951
0.166736 0.719071
0.167019 0.722157
0.167301 0.721709
0.167584 0.723531
0.167867 0.724311
0.168150 0.725239
0.168433 0.726839
0.168716 0.726901
0.168999 0.728527
0.169281 0.730078
0.169564 0.730679
0.169847 0.730934
0.170130 0.732622
0.170413 0.733444
0.170696 0.734036
0.170978 0.735995
0.171261 0.736520
0.171544 0.737628
0.171827 0.737826
0.172110 0.739822
0.172393 0.740479
0.172675 0.741437
0.172958 0.742008
0.173241 0.744247
0.173524 0.745346
0.173807 0.743774
0.174090 0.747370
0.174373 0.747487
0.174655 0.749009
0.174938 0.748790
0.175221 0.751253
0.175504 0.751892
0.175787 0.752999
0.176070 0.754609
0.176352 0.754196
0.176635 0.755306
0.176918 0.756395
0.177201 0.756963
0.177484 0.758147
0.177767 0.759264
0.178049 0.759585
0.178332 0.761946
0.178615 0.762932
0.178898 0.763667
0.179181 0.765208
0.179464 0.766410
0.179747 0.766458
0.180029 0.767328
0.180312 0.768475
0.180595 0.769469
0.180878 0.769368
0.181161 0.772634
0.181444 0.774174
0.181726 0.774730
0.182009 0.774159
0.182292 0.776555
0.182575 0.776339
0.182858 0.777871
0.183141 0.779608
0.183423 0.780662
0.183706 0.780355
0.183989 0.781702
0.184272 0.781770
0.184555 0.782885
0.184838 0.784318
0.185121 0.784876
0.185403 0.786052
0.185686 0.788882
0.185969 0.788701
0.186252 0.789956
0.186535 0.790314
0.186818 0.790528
0.187100 0.791228
0.187383 0.794069
0.187666 0.794341
0.187949 0.796027
0.188232 0.796268
0.188515 0.797126
0.188798 0.798131
0.189080 0.798870
0.189363 0.800290
0.189646 0.800053
0.189929 0.802802
0.190212 0.803191
0.190495 0.804062
0.190777 0.805010
0.191060 0.805173
0.191343 0.806279
0.191626 0.809134
0.191909 0.807846
0.192192 0.808436
0.192474 0.810400
0.192757 0.811527
0.193040 0.811990
0.193323 0.813039
0.193606 0.813915
0.193889 0.816179
0.194172 0.816400
0.194454 0.816667
0.194737 0.818454
0.195020 0.819297
0.195303 0.819922
0.195586 0.821682
0.195869 0.821521
0.196151 0.822944
0.196434 0.823359
0.196717 0.824652
0.197000 0.824632
0.197283 0.827615
0.197566 0.827580
0.197848 0.828028
0.198131 0.829249
0.198414 0.829732
0.198697 0.831675
0.198980 0.831035
0.199263 0.833697
0.199546 0.833261
0.199828 0.835161
0.200111 0.834898
0.200394 0.836726
0.200677 0.837979
0.200960 0.840191
0.201243 0.840736
0.201525 0.839386
0.201808 0.840875
0.202091 0.842616
0.202374 0.843540
0.202657 0.844543
0.202940 0.845192
0.203222 0.845116
0.203505 0.847109
0.203788 0.847727
0.204071 0.848737
0.204354 0.848662
0.204637 0.848911
0.204920 0.851498
0.205202 0.852202
0.205485 0.852353
0.205768 0.853708
0.206051 0.855286
0.206334 0.857619
0.206617 0.857608
0.206899 0.858256
0.207182 0.858411
0.207465 0.859875
0.207748 0.860304
0.208031 0.862079
0.208314 0.862107
0.208597 0.863835
0.208879 0.864890
0.209162 0.864598
0.209445 0.864539
0.209728 0.867067
0.210011 0.868548
0.210294 0.868807
0.210576 0.868887
0.210859 0.870845
0.211142 0.872081
0.211425 0.873242
0.211708 0.872806
0.211991 0.874352
0.212273 0.876046
0.212556 0.877488
0.212839 0.877819
0.213122 0.877486
0.213405 0.879145
0.213688 0.880996
0.213971 0.881190
0.214253 0.881636
0.214536 0.883524
0.214819 0.882454
0.215102 0.883157
0.215385 0.885293
0.215668 0.887295
0.215950 0.887478
0.216233 0.887190
0.216516 0.887723
0.216799 0.888670
0.217082 0.889662
0.217365 0.891885
0.217647 0.893004
0.217930 0.893684
0.218213 0.893289
0.218496 0.894706
0.218779 0.895872
0.219062 0.896690
0.219345 0.897767
0.219627 0.899315
0.219910 0.897893
0.220193 0.901065
0.220476 0.900920
0.220759 0.901908
0.221042 0.901742
0.221324 0.903412
0.221607 0.903607
0.221890 0.905274
0.222173 0.906015
0.222456 0.905562
0.222739 0.909177
0.223021 0.909139
0.223304 0.909071
0.223587 0.910818
0.223870 0.912971
0.224153 0.912311
0.224436 0.912812
0.224719 0.913175
0.225001 0.914040
0.225284 0.916708
0.225567 0.916865
0.225850 0.916662
0.226133 0.918330
0.226416 0.918748
0.226698 0.919404
0.226981 0.919951
0.227264 0.920918
0.227547 0.924096
0.227830 0.921652
0.228113 0.923411
0.228395 0.924170
0.228678 0.925961
0.228961 0.927341
0.229244 0.927162
0.229527 0.927381
0.229810 0.927967
0.230093 0.929246
0.230375 0.930482
0.230658 0.930750
0.230941 0.932780
0.231224 0.933283
0.231507 0.933926
0.231790 0.934752
0.232072 0.934964
0.232355 0.934873
0.232638 0.938002
0.232921 0.937652
0.233204 0.939096
0.233487 0.941162
0.233770 0.940067
0.234052 0.941598
0.234335 0.941972
0.234618 0.943494
0.234901 0.943724
0.235184 0.944469
0.235467 0.945134
0.235749 0.946201
0.236032 0.946462
0.236315 0.948179
0.236598 0.949613
0.236881 0.949663
0.237164 0.949910
0.237446 0.953078
0.237729 0.951713
0.238012 0.952790
0.238295 0.953453
0.238578 0.955247
0.238861 0.955279
0.239144 0.955420
0.239426 0.955779
0.239709 0.957591
0.239992 0.958317
0.240275 0.958604
0.240558 0.960199
0.240841 0.960968
0.241123 0.961745
0.241406 0.962639
0.241689 0.964908
0.241972 0.964846
0.242255 0.963528
0.242538 0.966612
0.242820 0.965579
0.243103 0.966168
0.243386 0.968325
0.243669 0.968848
0.243952 0.969902
0.244235 0.970894
0.244518 0.971967
0.244800 0.972364
0.245083 0.972106
0.245366 0.974541
0.245649 0.973813
0.245932 0.974705
0.246215 0.975606
0.246497 0.975588
0.246780 0.977245
0.247063 0.979291
0.247346 0.979775
0.247629 0.981140
0.247912 0.981362
0.248194 0.981171
0.248477 0.982239
0.248760 0.982288
0.249043 0.983114
0.249326 0.985803
0.249609 0.985723
0.249892 0.986259
0.250174 0.985682
0.250457 0.988571
0.250740 0.988745
0.251023 0.990174
0.251306 0.991566
0.251589 0.991502
0.251871 0.992360
0.252154 0.993155
0.252437 0.992551
0.252720 0.993261
0.253003 0.994291
0.253286 0.995030
0.253568 0.995734
0.253851 0.996818
0.254134 0.998518
0.254417 1.000844
0.254700 0.999310
0.254983 0.998777
0.255266 1.002019
0.255548 1.001428
0.255831 1.002728
0.256114 1.002658
0.256397 1.004831
0.256680 1.003769
0.256963 1.007681
0.257245 1.006346
0.257528 1.007144
0.257811 1.008364
0.258094 1.009410
0.258377 1.009905
0.258660 1.009283
0.258943 1.011150
0.259225 1.011872
0.259508 1.012975
0.259791 1.013529
0.260074 1.013724
0.260357 1.014258
0.260640 1.014328
0.260922 1.015989
0.261205 1.017348
0.261488 1.017897
0.261771 1.017789
0.262054 1.019764
0.262337 1.019431
0.262619 1.020783
0.262902 1.022495
0.263185 1.021633
0.263468 1.022179
0.263751 1.022970
0.264034 1.024217
0.264317 1.023624
0.264599 1.025283
0.264882 1.026503
0.265165 1.026699
0.265448 1.028358
0.265731 1.028513
0.266014 1.027404
0.266296 1.029162
0.266579 1.030559
0.266862 1.031629
0.267145 1.032236
0.267428 1.033401
0.267711 1.032705
0.267993 1.033726
0.268276 1.034119
0.268559 1.035212
0.268842 1.037269
0.269125 1.037418
0.269408 1.037360
0.269691 1.038722
0.269973 1.039856
0.270256 1.039404
0.270539 1.040184
0.270822 1.041600
0.271105 1.041417
0.271388 1.042879
0.271670 1.044129
0.271953 1.044947
0.272236 1.045897
0.272519 1.045255
0.272802 1.046456
0.273085 1.046399
0.273367 1.048340
0.273650 1.049088
0.273933 1.048572
0.274216 1.049270
0.274499 1.051936
0.274782 1.051909
0.275065 1.051991
0.275347 1.051740
0.275630 1.051753
0.275913 1.055295
0.276196 1.054750
0.276479 1.054777
0.276762 1.055743
0.277044 1.056297
0.277327 1.057174
0.277610 1.059191
0.277893 1.057981
0.278176 1.058896
0.278459 1.060659
0.278741 1.061516
0.279024 1.061064
0.279307 1.061102
0.279590 1.063157
0.279873 1.062826
0.280156 1.064927
0.280439 1.064985
0.280721 1.065365
0.281004 1.064989
0.281287 1.065545
0.281570 1.068251
0.281853 1.068262
0.282136 1.068260
0.282418 1.068859
0.282701 1.067841
0.282984 1.069744
0.283267 1.073177
0.283550 1.073506
0.283833 1.073436
0.284116 1.074172
0.284398 1.074490
0.284681 1.074449
0.284964 1.074760
0.285247 1.076520
0.285530 1.077406
0.285813 1.077011
0.286095 1.077385
0.286378 1.078615
0.286661 1.078222
0.286944 1.080743
0.287227 1.080811
0.287510 1.081444
0.287792 1.082715
0.288075 1.084288
0.288358 1.082884
0.288641 1.084568
0.288924 1.084545
0.289207 1.086423
0.289490 1.087680
0.289772 1.087076
0.290055 1.088407
0.290338 1.088523
0.290621 1.089051
0.290904 1.089505
0.291187 1.090414
0.291469 1.090719
0.291752 1.090973
0.292035 1.091839
0.292318 1.093410
0.292601 1.093425
0.292884 1.093622
0.293166 1.094960
0.293449 1.095353
0.293732 1.094484
0.294015 1.097714
0.294298 1.096756
0.294581 1.098768
0.294864 1.097205
0.295146 1.099393
0.295429 1.099588
0.295712 1.100012
0.295995 1.100056
0.296278 1.100570
0.296561 1.102033
0.296843 1.101530
0.297126 1.101912
0.297409 1.104244
0.297692 1.104483
0.297975 1.103992
0.298258 1.105846
0.298540 1.107507
0.298823 1.105875
0.299106 1.107804
0.299389 1.108768
0.299672 1.108584
0.299955 1.108948
0.300238 1.109888
0.300520 1.110999
0.300803 1.111185
0.301086 1.110830
0.301369 1.111781
0.301652 1.113905
0.301935 1.113411
0.302217 1.114570
0.302500 1.114854
0.302783 1.117077
0.303066 1.116905
0.303349 1.116849
0.303632 1.116697
0.303914 1.118192
0.304197 1.117987
0.304480 1.118463
0.304763 1.119799
0.305046 1.119853
0.305329 1.121943
0.305612 1.120582
0.305894 1.121789
0.306177 1.122650
0.306460 1.124368
0.306743 1.122886
0.307026 1.123879
0.307309 1.123720
0.307591 1.125862
0.307874 1.126138
0.308157 1.125973
0.308440 1.126418
0.308723 1.128152
0.309006 1.127563
0.309289 1.127978
0.309571 1.128340
0.309854 1.130468
0.310137 1.130890
0.310420 1.130034
0.310703 1.133020
0.310986 1.133153
0.311268 1.132581
0.311551 1.134040
0.311834 1.132929
0.312117 1.134261
0.312400 1.135429
0.312683 1.133963
0.312965 1.137221
0.313248 1.136680
0.313531 1.137498
0.313814 1.138548
0.314097 1.139533
0.314380 1.139087
0.314663 1.139333
0.314945 1.139305
0.315228 1.139772
0.315511 1.141883
0.315794 1.142116
0.316077 1.143669
0.316360 1.144831
0.316642 1.143271
0.316925 1.144355
0.317208 1.144764
0.317491 1.145170
0.317774 1.145910
0.318057 1.145200
0.318339 1.146750
0.318622 1.146217
0.318905 1.148900
0.319188 1.149382
0.319471 1.147742
0.319754 1.150337
0.320037 1.151313
0.320319 1.151083
0.320602 1.150682
0.320885 1.152732
0.321168 1.153649
0.321451 1.153497
0.321734 1.151920
0.322016 1.154873
0.322299 1.155223
0.322582 1.155005
0.322865 1.155668
0.323148 1.157760
0.323431 1.157272
0.323713 1.158152
0.323996 1.157824
0.324279 1.159142
0.324562 1.160050
0.324845 1.159320
0.325128 1.161869
0.325411 1.160927
0.325693 1.162297
0.325976 1.162399
0.326259 1.161923
0.326542 1.163255
0.326825 1.164287
0.327108 1.166067
0.327390 1.164576
0.327673 1.165600
0.327956 1.165982
0.328239 1.166422
0.328522 1.164775
0.328805 1.166469
0.329087 1.168168
0.329370 1.169668
0.329653 1.168297
0.329936 1.170543
0.330219 1.169614
0.330502 1.169942
0.330785 1.169471
0.331067 1.172268
0.331350 1.171634
0.331633 1.174485
0.331916 1.173901
0.332199 1.173525
0.332482 1.175442
0.332764 1.173104
0.333047 1.173945
0.333330 1.175244
0.333613 1.176622
0.333896 1.175524
0.334179 1.175596
0.334462 1.180027
0.334744 1.176974
0.335027 1.178764
0.335310 1.179472
0.335593 1.178560
0.335876 1.178848
0.336159 1.180336
0.336441 1.181337
0.336724 1.181976
0.337007 1.180653
0.337290 1.182690
0.337573 1.182928
0.337856 1.183289
0.338138 1.183347
0.338421 1.184515
0.338704 1.184632
0.338987 1.183007
0.339270 1.185743
0.339553 1.185863
0.339836 1.187676
0.340118 1.186926
0.340401 1.187579
0.340684 1.188582
0.340967 1.190149
0.341250 1.189757
0.341533 1.190289
0.341815 1.190601
0.342098 1.190601
0.342381 1.191255
0.342664 1.191918
0.342947 1.192141
0.343230 1.192219
0.343512 1.193305
0.343795 1.193371
0.344078 1.195302
0.344361 1.193139
0.344644 1.195265
0.344927 1.193830
0.345210 1.195097
0.345492 1.196209
0.345775 1.195671
0.346058 1.197616
0.346341 1.196185
0.346624 1.197689
0.346907 1.198307
0.347189 1.198661
0.347472 1.200303
0.347755 1.200915
0.348038 1.198989
0.348321 1.202608
0.348604 1.202753
0.348886 1.201419
0.349169 1.202675
0.349452 1.202757
0.349735 1.203846
0.350018 1.202465
0.350301 1.205627
0.350584 1.204924
0.350866 1.205926
0.351149 1.204378
0.351432 1.206356
0.351715 1.208208
0.351998 1.207587
0.352281 1.208228
0.352563 1.208169
0.352846 1.207232
0.353129 1.209982
0.353412 1.209312
0.353695 1.208225
0.353978 1.210166
0.354260 1.210940
0.354543 1.210166
0.354826 1.212772
0.355109 1.212191
0.355392 1.211585
0.355675 1.212122
0.355958 1.212848
0.356240 1.213256
0.356523 1.212982
0.356806 1.213341
0.357089 1.215850
0.357372 1.215495
0.357655 1.215362
0.357937 1.215577
0.358220 1.214140
0.358503 1.216465
0.358786 1.219019
0.359069 1.216507
0.359352 1.218341
0.359635 1.217954
0.359917 1.217502
0.360200 1.218139
0.360483 1.219590
0.360766 1.221470
0.361049 1.221157
0.361332 1.220647
0.361614 1.221129
0.361897 1.223485
0.362180 1.223195
0.362463 1.224459
0.362746 1.223281
0.363029 1.223644
0.363311 1.224487
0.363594 1.224957
0.363877 1.224159
0.364160 1.225800
0.364443 1.225889
0.364726 1.225817
0.365009 1.225831
0.365291 1.227957
0.365574 1.227671
0.365857 1.229901
0.366140 1.227080
0.366423 1.228515
0.366706 1.230134
0.366988 1.228381
0.367271 1.232151
0.367554 1.230508
0.367837 1.229457
0.368120 1.229982
0.368403 1.231077
0.368685 1.231107
0.368968 1.232558
0.369251 1.233882
0.369534 1.231981
0.369817 1.231717
0.370100 1.234713
0.370383 1.233294
0.370665 1.234534
0.370948 1.234086
0.371231 1.234889
0.371514 1.235890
0.371797 1.235335
0.372080 1.234891
0.372362 1.236010
0.372645 1.237042
0.372928 1.236962
0.373211 1.239859
0.373494 1.237693
0.373777 1.238147
0.374059 1.238523
0.374342 1.238052
0.374625 1.239700
0.374908 1.240384
0.375191 1.239764
0.375474 1.239658
0.375757 1.240108
0.376039 1.242253
0.376322 1.243368
0.376605 1.242277
0.376888 1.242174
0.377171 1.243375
0.377454 1.243457
0.377736 1.240925
0.378019 1.244934
0.378302 1.244426
0.378585 1.244283
0.378868 1.245890
0.379151 1.244451
0.379433 1.244371
0.379716 1.245609
0.379999 1.247128
0.380282 1.245503
0.380565 1.247237
0.380848 1.248033
0.381131 1.249165
0.381413 1.249398
0.381696 1.248689
0.381979 1.248672
0.382262 1.249583
0.382545 1.247472
0.382828 1.248733
0.383110 1.249269
0.383393 1.251329
0.383676 1.250630
0.383959 1.251397
0.384242 1.253893
0.384525 1.251438
0.384808 1.252633
0.385090 1.252290
0.385373 1.253298
0.385656 1.252312
0.385939 1.253463
0.386222 1.254549
0.386505 1.253870
0.386787 1.254781
0.387070 1.254680
0.387353 1.255446
0.387636 1.256718
0.387919 1.255622
0.388202 1.255070
0.388484 1.255415
0.388767 1.257907
0.389050 1.258150
0.389333 1.256986
0.389616 1.257744
0.389899 1.258227
0.390182 1.258379
0.390464 1.259564
0.390747 1.258771
0.391030 1.261634
0.391313 1.258664
0.391596 1.260051
0.391879 1.261410
0.392161 1.260164
0.392444 1.259760
0.392727 1.260930
0.393010 1.262365
0.393293 1.262339
0.393576 1.261966
0.393858 1.262656
0.394141 1.262774
0.394424 1.264076
0.394707 1.263885
0.394990 1.260988
0.395273 1.263695
0.395556 1.263998
0.395838 1.264747
0.396121 1.264461
0.396404 1.265232
0.396687 1.264545
0.396970 1.265213
0.397253 1.266225
0.397535 1.265741
0.397818 1.264867
0.398101 1.268444
0.398384 1.266640
0.398667 1.267682
0.398950 1.268071
0.399232 1.268610
0.399515 1.270861
0.399798 1.269773
0.400081 1.267877
0.400364 1.269215
0.400647 1.269433
0.400930 1.270991
0.401212 1.270057
0.401495 1.269759
0.401778 1.273213
0.402061 1.270776
0.402344 1.271209
0.402627 1.271830
0.402909 1.273031
0.403192 1.272964
0.403475 1.273231
0.403758 1.273431
0.404041 1.271797
0.404324 1.270980
0.404607 1.273767
0.404889 1.273782
0.405172 1.274831
0.405455 1.275842
0.405738 1.276283
0.406021 1.274892
0.406304 1.276123
0.406586 1.274794
0.406869 1.276776
0.407152 1.275201
0.407435 1.276292
0.407718 1.276956
0.408001 1.276562
0.408283 1.277613
0.408566 1.278336
0.408849 1.278881
0.409132 1.278194
0.409415 1.277239
0.409698 1.277657
0.409981 1.278503
0.410263 1.278693
0.410546 1.280003
0.410829 1.280206
0.411112 1.279609
0.411395 1.279950
0.411678 1.281290
0.411960 1.280845
0.412243 1.280387
0.412526 1.280804
0.412809 1.280831
0.413092 1.281874
0.413375 1.282023
0.413657 1.282523
0.413940 1.283708
0.414223 1.282980
0.414506 1.284914
0.414789 1.283094
0.415072 1.284400
0.415355 1.283362
0.415637 1.285199
0.415920 1.286199
0.416203 1.283669
0.416486 1.286578
0.416769 1.286564
0.417052 1.284761
0.417334 1.286889
0.417617 1.284409
0.417900 1.284900
0.418183 1.286741
0.418466 1.285942
0.418749 1.287276
0.419031 1.285652
0.419314 1.287416
0.419597 1.287853
0.419880 1.288960
0.420163 1.287648
0.420446 1.287735
0.420729 1.288166
0.421011 1.288641
0.421294 1.289235
0.421577 1.288728
0.421860 1.289579
0.422143 1.289198
0.422426 1.289629
0.422708 1.291246
0.422991 1.290008
0.423274 1.291031
0.423557 1.289797
0.423840 1.289002
0.424123 1.291268
0.424405 1.291524
0.424688 1.291162
0.424971 1.290974
0.425254 1.292224
0.425537 1.290497
0.425820 1.291770
0.426103 1.293214
0.426385 1.292444
0.426668 1.292535
0.426951 1.292755
0.427234 1.292462
0.427517 1.292706
0.427800 1.293968
0.428082 1.292044
0.428365 1.294077
0.428648 1.294262
0.428931 1.295987
0.429214 1.293221
0.429497 1.295233
0.429780 1.295100
0.430062 1.295968
0.430345 1.295738
0.430628 1.296011
0.430911 1.296322
0.431194 1.296630
0.431477 1.296202
0.431759 1.296852
0.432042 1.296563
0.432325 1.295102
0.432608 1.297692
0.432891 1.295817
0.433174 1.297319
0.433456 1.296945
0.433739 1.296284
0.434022 1.297784
0.434305 1.298825
0.434588 1.298553
0.434871 1.297092
0.435154 1.299509
0.435436 1.298701
0.435719 1.299299
0.436002 1.299523
0.436285 1.299456
0.436568 1.300254
0.436851 1.299048
0.437133 1.300101
0.437416 1.301331
0.437699 1.300356
0.437982 1.300762
0.438265 1.299120
0.438548 1.299847
0.438830 1.302403
0.439113 1.300332
0.439396 1.300968
0.439679 1.300864
0.439962 1.301631
0.440245 1.302987
0.440528 1.301396
0.440810 1.300802
0.441093 1.302364
0.441376 1.301342
0.441659 1.303273
0.441942 1.303090
0.442225 1.302260
0.442507 1.303406
0.442790 1.301103
0.443073 1.302277
0.443356 1.303139
0.443639 1.303103
0.443922 1.304382
0.444204 1.301771
0.444487 1.305411
0.444770 1.302604
0.445053 1.304399
0.445336 1.303802
0.445619 1.303239
0.445902 1.303666
0.446184 1.304246
0.446467 1.304935
0.446750 1.305074
0.447033 1.306438
0.447316 1.305227
0.447599 1.305979
0.447881 1.306051
0.448164 1.306064
0.448447 1.305908
0.448730 1.305684
0.449013 1.306954
0.449296 1.307281
0.449578 1.306876
0.449861 1.306159
0.450144 1.306942
0.450427 1.304987
0.450710 1.308373
0.450993 1.308131
0.451276 1.306985
0.451558 1.307296
0.451841 1.308782
0.452124 1.306920
0.452407 1.308561
0.452690 1.307388
0.452973 1.307621
0.453255 1.309957
0.453538 1.308975
0.453821 1.308435
0.454104 1.309875
0.454387 1.309299
0.454670 1.308228
0.454953 1.308316
0.455235 1.310445
0.455518 1.310155
0.455801 1.310564
0.456084 1.308598
0.456367 1.310245
0.456650 1.310260
0.456932 1.309314
0.457215 1.309856
0.457498 1.310039
0.457781 1.309870
0.458064 1.309468
0.458347 1.311192
0.458629 1.313743
0.458912 1.310582
0.459195 1.311185
0.459478 1.310939
0.459761 1.311032
0.460044 1.312031
0.460327 1.310881
0.460609 1.311083
0.460892 1.310315
0.461175 1.312876
0.461458 1.310737
0.461741 1.311225
0.462024 1.311969
0.462306 1.313339
0.462589 1.312631
0.462872 1.311321
0.463155 1.312454
0.463438 1.311759
0.463721 1.310893
0.464003 1.314051
0.464286 1.312693
0.464569 1.313127
0.464852 1.315028
0.465135 1.311621
0.465418 1.311157
0.465701 1.313143
0.465983 1.312657
0.466266 1.313017
0.466549 1.314256
0.466832 1.312881
0.467115 1.313328
0.467398 1.312870
0.467680 1.312113
0.467963 1.312223
0.468246 1.314172
0.468529 1.312702
0.468812 1.313732
0.469095 1.314305
0.469377 1.313826
0.469660 1.313269
0.469943 1.313339
0.470226 1.316040
0.470509 1.314123
0.470792 1.315702
0.471075 1.317054
0.471357 1.315485
0.471640 1.315697
0.471923 1.313530
0.472206 1.314682
0.472489 1.315777
0.472772 1.314775
0.473054 1.315588
0.473337 1.313890
0.473620 1.314959
0.473903 1.315718
0.474186 1.316673
0.474469 1.316193
0.474751 1.316051
0.475034 1.314991
0.475317 1.316379
0.475600 1.316772
0.475883 1.316388
0.476166 1.316220
0.476449 1.312675
0.476731 1.316601
0.477014 1.316046
0.477297 1.316387
0.477580 1.316762
0.477863 1.315771
0.478146 1.316480
0.478428 1.317473
0.478711 1.316231
0.478994 1.316396
0.479277 1.316289
0.479560 1.316689
0.479843 1.314971
0.480126 1.316502
0.480408 1.315782
0.480691 1.315739
0.480974 1.318105
0.481257 1.318343
0.481540 1.316248
0.481823 1.316307
0.482105 1.317275
0.482388 1.316799
0.482671 1.315945
0.482954 1.315817
0.483237 1.316060
0.483520 1.317071
0.483802 1.317939
0.484085 1.319944
0.484368 1.317259
0.484651 1.317334
0.484934 1.318011
0.485217 1.316408
0.485500 1.317590
0.485782 1.316005
0.486065 1.317611
0.486348 1.317601
0.486631 1.317158
0.486914 1.316971
0.487197 1.317600
0.487479 1.318657
0.487762 1.317950
0.488045 1.319171
0.488328 1.317974
0.488611 1.316988
0.488894 1.316910
0.489176 1.319217
0.489459 1.316866
0.489742 1.318251
0.490025 1.316318
0.490308 1.318060
0.490591 1.317955
0.490874 1.317862
0.491156 1.318222
0.491439 1.319240
0.491722 1.316542
0.492005 1.317836
0.492288 1.318058
0.492571 1.317641
0.492853 1.316882
0.493136 1.317625
0.493419 1.319350
0.493702 1.319191
0.493985 1.317612
0.494268 1.317737
0.494550 1.319346
0.494833 1.317177
0.495116 1.319132
0.495399 1.317292
0.495682 1.318758
0.495965 1.316597
0.496248 1.317468
0.496530 1.316935
0.496813 1.317402
0.497096 1.317071
0.497379 1.320248
0.497662 1.318503
0.497945 1.317246
0.498227 1.318917
0.498510 1.319322
0.498793 1.318561
0.499076 1.316299
0.499359 1.319274
0.499642 1.316241
0.499924 1.316665
0.500207 1.317753
0.500490 1.317090
0.500773 1.316851
0.501056 1.317663
0.501339 1.317968
0.501622 1.318258
0.501904 1.318694
0.502187 1.316814
0.502470 1.318853
0.502753 1.317808
0.503036 1.316801
0.503319 1.318898
0.503601 1.317855
0.503884 1.315096
0.504167 1.319174
0.504450 1.317428
0.504733 1.317267
0.505016 1.316923
0.505299 1.317648
0.505581 1.316289
0.505864 1.319930
0.506147 1.317894
0.506430 1.316825
0.506713 1.316294
0.506996 1.316782
0.507278 1.315091
0.507561 1.317645
0.507844 1.318144
0.508127 1.316056
0.508410 1.317754
0.508693 1.317553
0.508975 1.316287
0.509258 1.316790
0.509541 1.317037
0.509824 1.316569
0.510107 1.317027
0.510390 1.316374
0.510673 1.315859
0.510955 1.316646
0.511238 1.315867
0.511521 1.316742
0.511804 1.317054
0.512087 1.316981
0.512370 1.316118
0.512652 1.316588
0.512935 1.316632
0.513218 1.316893
0.513501 1.315724
0.513784 1.316293
0.514067 1.315601
0.514349 1.314824
0.514632 1.317097
0.514915 1.317296
0.515198 1.316205
0.515481 1.314536
0.515764 1.317066
0.516047 1.316555
0.516329 1.316135
0.516612 1.316476
0.516895 1.314448
0.517178 1.314195
0.517461 1.315147
0.517744 1.315391
0.518026 1.314841
0.518309 1.315130
0.518592 1.316966
0.518875 1.314857
0.519158 1.316415
0.519441 1.314166
0.519723 1.315191
0.520006 1.314125
0.520289 1.315902
0.520572 1.314620
0.520855 1.315686
0.521138 1.315939
0.521421 1.314623
0.521703 1.316787
0.521986 1.314245
0.522269 1.315201
0.522552 1.315216
0.522835 1.314161
0.523118 1.313304
0.523400 1.314059
0.523683 1.313576
0.523966 1.314945
0.524249 1.313456
0.524532 1.313265
0.524815 1.313777
0.525097 1.314264
0.525380 1.313755
0.525663 1.314854
0.525946 1.313715
0.526229 1.312602
0.526512 1.313821
0.526795 1.312706
0.527077 1.311441
0.527360 1.314646
0.527643 1.312063
0.527926 1.313010
0.528209 1.313326
0.528492 1.313373
0.528774 1.311746
0.529057 1.311831
0.529340 1.311119
0.529623 1.311833
0.529906 1.311599
0.530189 1.311832
0.530472 1.313156
0.530754 1.310766
0.531037 1.311965
0.531320 1.311038
0.531603 1.309460
0.531886 1.312418
0.532169 1.311997
0.532451 1.311573
0.532734 1.310193
0.533017 1.310597
0.533300 1.310429
0.533583 1.308915
0.533866 1.310637
0.534148 1.310058
0.534431 1.310918
0.534714 1.309246
0.534997 1.311443
0.535280 1.309796
0.535563 1.311032
0.535846 1.310101
0.536128 1.309768
0.536411 1.308897
0.536694 1.311336
0.536977 1.310263
0.537260 1.309089
0.537543 1.310382
0.537825 1.309698
0.538108 1.308741
0.538391 1.307912
0.538674 1.308867
0.538957 1.310681
0.539240 1.309390
0.539522 1.308627
0.539805 1.308280
0.540088 1.308108
0.540371 1.307732
0.540654 1.307967
0.540937 1.306498
0.541220 1.307538
0.541502 1.305420
0.541785 1.307621
0.542068 1.306881
0.542351 1.306688
0.542634 1.307861
0.542917 1.306682
0.543199 1.307337
0.543482 1.306442
0.543765 1.306414
0.544048 1.306292
0.544331 1.304171
0.544614 1.304328
0.544896 1.305653
0.545179 1.305078
0.545462 1.304972
0.545745 1.305556
0.546028 1.305134
0.546311 1.305371
0.546594 1.306594
0.546876 1.306174
0.547159 1.303396
0.547442 1.306369
0.547725 1.304439
0.548008 1.304252
0.548291 1.303502
0.548573 1.304052
0.548856 1.303910
0.549139 1.303839
0.549422 1.303942
0.549705 1.302717
0.549988 1.305317
0.550270 1.301857
0.550553 1.303515
0.550836 1.302878
0.551119 1.303751
0.551402 1.302677
0.551685 1.302085
0.551968 1.303551
0.552250 1.302096
0.552533 1.301995
0.552816 1.303179
0.553099 1.301425
0.553382 1.302494
0.553665 1.301478
0.553947 1.301695
0.554230 1.300636
0.554513 1.301956
0.554796 1.301476
0.555079 1.301040
0.555362 1.302605
0.555645 1.299056
0.555927 1.300517
0.556210 1.299250
0.556493 1.301730
0.556776 1.300443
0.557059 1.297492
0.557342 1.300158
0.557624 1.300247
0.557907 1.299317
0.558190 1.299271
0.558473 1.299632
0.558756 1.298655
0.559039 1.297934
0.559321 1.296913
0.559604 1.299757
0.559887 1.297516
0.560170 1.298531
0.560453 1.297884
0.560736 1.297412
0.561019 1.295980
0.561301 1.297909
0.561584 1.297137
0.561867 1.296646
0.562150 1.297830
0.562433 1.296312
0.562716 1.296712
0.562998 1.297529
0.563281 1.295668
0.563564 1.295547
0.563847 1.294732
0.564130 1.295143
0.564413 1.295242
0.564695 1.293844
0.564978 1.297402
0.565261 1.294664
0.565544 1.294613
0.565827 1.293801
0.566110 1.292481
0.566393 1.292816
0.566675 1.293452
0.566958 1.293644
0.567241 1.293371
0.567524 1.292191
0.567807 1.290874
0.568090 1.292954
0.568372 1.290647
0.568655 1.290871
0.568938 1.290538
0.569221 1.291834
0.569504 1.290806
0.569787 1.292274
0.570069 1.291393
0.570352 1.290781
0.570635 1.289062
0.570918 1.290487
0.571201 1.291441
0.571484 1.288150
0.571767 1.289546
0.572049 1.288791
0.572332 1.289569
0.572615 1.288695
0.572898 1.289205
0.573181 1.288238
0.573464 1.288996
0.573746 1.287870
0.574029 1.287906
0.574312 1.287301
0.574595 1.286394
0.574878 1.287486
0.575161 1.287113
0.575443 1.286065
0.575726 1.286295
0.576009 1.287326
0.576292 1.285536
0.576575 1.286931
0.576858 1.287346
0.577141 1.285346
0.577423 1.286070
0.577706 1.284922
0.577989 1.286033
0.578272 1.286494
0.578555 1.284592
0.578838 1.284591
0.579120 1.283614
0.579403 1.283826
0.579686 1.283792
0.579969 1.281722
0.580252 1.281325
0.580535 1.281757
0.580818 1.283912
0.581100 1.283143
0.581383 1.282524
0.581666 1.282481
0.581949 1.282633
0.582232 1.282025
0.582515 1.282100
0.582797 1.281898
0.583080 1.280711
0.583363 1.281975
0.583646 1.280181
0.583929 1.280151
0.584212 1.281393
0.584494 1.279391
0.584777 1.278423
0.585060 1.278444
0.585343 1.277897
0.585626 1.280439
0.585909 1.279573
0.586192 1.278674
0.586474 1.278806
0.586757 1.277654
0.587040 1.277006
0.587323 1.276817
0.587606 1.277401
0.587889 1.277502
0.588171 1.275566
0.588454 1.274543
0.588737 1.276665
0.589020 1.277123
0.589303 1.275043
0.589586 1.277307
0.589868 1.275159
0.590151 1.273665
0.590434 1.274064
0.590717 1.274007
0.591000 1.272305
0.591283 1.274933
0.591566 1.273735
0.591848 1.272769
0.592131 1.273274
0.592414 1.273251
0.592697 1.273556
0.592980 1.272736
0.593263 1.273582
0.593545 1.271396
0.593828 1.271645
0.594111 1.270231
0.594394 1.270667
0.594677 1.272582
0.594960 1.269372
0.595242 1.270869
0.595525 1.270767
0.595808 1.269519
0.596091 1.270282
0.596374 1.270474
0.596657 1.268997
0.596940 1.268841
0.597222 1.267903
0.597505 1.268010
0.597788 1.267754
0.598071 1.267613
0.598354 1.267391
0.598637 1.268535
0.598919 1.267373
0.599202 1.266472
0.599485 1.267976
0.599768 1.265867
0.600051 1.266697
0.600334 1.264818
0.600616 1.265683
0.600899 1.264397
0.601182 1.265399
0.601465 1.264297
0.601748 1.265273
0.602031 1.263940
0.602314 1.264482
0.602596 1.263715
0.602879 1.264246
0.603162 1.263627
0.603445 1.261440
0.603728 1.261726
0.604011 1.260856
0.604293 1.261267
0.604576 1.261504
0.604859 1.260059
0.605142 1.260017
0.605425 1.262279
0.605708 1.259399
0.605991 1.258464
0.606273 1.259621
0.606556 1.259416
0.606839 1.259710
0.607122 1.259512
0.607405 1.259579
0.607688 1.258534
0.607970 1.256788
0.608253 1.258864
0.608536 1.256633
0.608819 1.256847
0.609102 1.256215
0.609385 1.256946
0.609667 1.256837
0.609950 1.255437
0.610233 1.254346
0.610516 1.255574
0.610799 1.255950
0.611082 1.256200
0.611365 1.254250
0.611647 1.252480
0.611930 1.252033
0.612213 1.254233
0.612496 1.253633
0.612779 1.251858
0.613062 1.252417
0.613344 1.251762
0.613627 1.251273
0.613910 1.251020
0.614193 1.251911
0.614476 1.250938
0.614759 1.251728
0.615041 1.251273
0.615324 1.250682
0.615607 1.248658
0.615890 1.249074
0.616173 1.247331
0.616456 1.249040
0.616739 1.249099
0.617021 1.247094
0.617304 1.248428
0.617587 1.246722
0.617870 1.247207
0.618153 1.246771
0.618436 1.247585
0.618718 1.244997
0.619001 1.245692
0.619284 1.245459
0.619567 1.242430
0.619850 1.245585
0.620133 1.243994
0.620415 1.244748
0.620698 1.244166
0.620981 1.243729
0.621264 1.242615
0.621547 1.241935
0.621830 1.242355
0.622113 1.242720
0.622395 1.240311
0.622678 1.242659
0.622961 1.243076
0.623244 1.242172
0.623527 1.239965
0.623810 1.241375
0.624092 1.240991
0.624375 1.238697
0.624658 1.238895
0.624941 1.237341
0.625224 1.238145
0.625507 1.238606
0.625790 1.238625
0.626072 1.236794
0.626355 1.235515
0.626638 1.237187
0.626921 1.235711
0.627204 1.236448
0.627487 1.235812
0.627769 1.236178
0.628052 1.236212
0.628335 1.234459
0.628618 1.233360
0.628901 1.234872
0.629184 1.234990
0.629466 1.232643
0.629749 1.232890
0.630032 1.232157
0.630315 1.232279
0.630598 1.231907
0.630881 1.231749
0.631164 1.232174
0.631446 1.231898
0.631729 1.230089
0.632012 1.230039
0.632295 1.229584
0.632578 1.230284
0.632861 1.228678
0.633143 1.228011
0.633426 1.228838
0.633709 1.228882
0.633992 1.228310
0.634275 1.227599
0.634558 1.226715
0.634840 1.228239
0.635123 1.226101
0.635406 1.226495
0.635689 1.226809
0.635972 1.226836
0.636255 1.223677
0.636538 1.225049
0.636820 1.224075
0.637103 1.222872
0.637386 1.223755
0.637669 1.225058
0.637952 1.222711
0.638235 1.221757
0.638517 1.220963
0.638800 1.220633
0.639083 1.221372
0.639366 1.219937
0.639649 1.220876
0.639932 1.220560
0.640214 1.218996
0.640497 1.220115
0.640780 1.218252
0.641063 1.218886
0.641346 1.217934
0.641629 1.216903
0.641912 1.217999
0.642194 1.217005
0.642477 1.218395
0.642760 1.216457
0.643043 1.216927
0.643326 1.217171
0.643609 1.217125
0.643891 1.214245
0.644174 1.214555
0.644457 1.214545
0.644740 1.213965
0.645023 1.212677
0.645306 1.212505
0.645588 1.213486
0.645871 1.214735
0.646154 1.212942
0.646437 1.211293
0.646720 1.211539
0.647003 1.211445
0.647286 1.210678
0.647568 1.210494
0.647851 1.211899
0.648134 1.208458
0.648417 1.208972
0.648700 1.208632
0.648983 1.208474
0.649265 1.207901
0.649548 1.207267
0.649831 1.208558
0.650114 1.206014
0.650397 1.205693
0.650680 1.204994
0.650963 1.204661
0.651245 1.205713
0.651528 1.205841
0.651811 1.205446
0.652094 1.204607
0.652377 1.203074
0.652660 1.203593
0.652942 1.203366
0.653225 1.203263
0.653508 1.203356
0.653791 1.202218
0.654074 1.200869
0.654357 1.201091
0.654639 1.199631
0.654922 1.199656
0.655205 1.199675
0.655488 1.198818
0.655771 1.198383
0.656054 1.198855
0.656337 1.199252
0.656619 1.198053
0.656902 1.197272
0.657185 1.196373
0.657468 1.196112
0.657751 1.195224
0.658034 1.196646
0.658316 1.195976
0.658599 1.196152
0.658882 1.192975
0.659165 1.192871
0.659448 1.194210
0.659731 1.193658
0.660013 1.193629
0.660296 1.192572
0.660579 1.191195
0.660862 1.191206
0.661145 1.191612
0.661428 1.191462
0.661711 1.189598
0.661993 1.189816
0.662276 1.187693
0.662559 1.187788
0.662842 1.187641
0.663125 1.189051
0.663408 1.187457
0.663690 1.187464
0.663973 1.187078
0.664256 1.184953
0.664539 1.186906
0.664822 1.184766
0.665105 1.188211
0.665387 1.183619
0.665670 1.184398
0.665953 1.184054
0.666236 1.184054
0.666519 1.182478
0.666802 1.182620
0.667085 1.180932
0.667367 1.181326
0.667650 1.181343
0.667933 1.179197
0.668216 1.179420
0.668499 1.180115
0.668782 1.181102
0.669064 1.178056
0.669347 1.178192
0.669630 1.179052
0.669913 1.176112
0.670196 1.178859
0.670479 1.177422
0.670761 1.176325
0.671044 1.174825
0.671327 1.175292
0.671610 1.175197
0.671893 1.174976
0.672176 1.174712
0.672459 1.172173
0.672741 1.176244
0.673024 1.171977
0.673307 1.172860
0.673590 1.171418
0.673873 1.171874
0.674156 1.172507
0.674438 1.171408
0.674721 1.170390
0.675004 1.170077
0.675287 1.167616
0.675570 1.169476
0.675853 1.168234
0.676136 1.168379
0.676418 1.168353
0.676701 1.168366
0.676984 1.167344
0.677267 1.166102
0.677550 1.166354
0.677833 1.164549
0.678115 1.164468
0.678398 1.165254
0.678681 1.163705
0.678964 1.162666
0.679247 1.164024
0.679530 1.162751
0.679812 1.160640
0.680095 1.163331
0.680378 1.162288
0.680661 1.160942
0.680944 1.160933
0.681227 1.159777
0.681510 1.158626
0.681792 1.158782
0.682075 1.158482
0.682358 1.157866
0.682641 1.157512
0.682924 1.157800
0.683207 1.157938
0.683489 1.156812
0.683772 1.155898
0.684055 1.155946
0.684338 1.155865
0.684621 1.155357
0.684904 1.154550
0.685186 1.153604
0.685469 1.153112
0.685752 1.153752
0.686035 1.151317
0.686318 1.152924
0.686601 1.152159
0.686884 1.150367
0.687166 1.149246
0.687449 1.150327
0.687732 1.151482
0.688015 1.149896
0.688298 1.149936
0.688581 1.148621
0.688863 1.148690
0.689146 1.147118
0.689429 1.146534
0.689712 1.146901
0.689995 1.147598
0.690278 1.145462
0.690560 1.145200
0.690843 1.145899
0.691126 1.143959
0.691409 1.144366
0.691692 1.142893
0.691975 1.143235
0.692258 1.142936
0.692540 1.141817
0.692823 1.141508
0.693106 1.141119
0.693389 1.141003
0.693672 1.141028
0.693955 1.140212
0.694237 1.138973
0.694520 1.139356
0.694803 1.138494
0.695086 1.139059
0.695369 1.136986
0.695652 1.135972
0.695934 1.136081
0.696217 1.136574
0.696500 1.135588
0.696783 1.134736
0.697066 1.133700
0.697349 1.133506
0.697632 1.133610
0.697914 1.132908
0.698197 1.131195
0.698480 1.130456
0.698763 1.131457
0.699046 1.129540
0.699329 1.131264
0.699611 1.131547
0.699894 1.128601
0.700177 1.128103
0.700460 1.128704
0.700743 1.127207
0.701026 1.128442
0.701309 1.126809
0.701591 1.126002
0.701874 1.125677
0.702157 1.124491
0.702440 1.124812
0.702723 1.125817
0.703006 1.125050
0.703288 1.123466
0.703571 1.122818
0.703854 1.122773
0.704137 1.120846
0.704420 1.122034
0.704703 1.121497
0.704985 1.120476
0.705268 1.120744
0.705551 1.118453
0.705834 1.119376
0.706117 1.118954
0.706400 1.120003
0.706683 1.117388
0.706965 1.115815
0.707248 1.115770
0.707531 1.116015
0.707814 1.114729
0.708097 1.115545
0.708380 1.115476
0.708662 1.114445
0.708945 1.113599
0.709228 1.112403
0.709511 1.114563
0.709794 1.111404
0.710077 1.110101
0.710359 1.111092
0.710642 1.112011
0.710925 1.109113
0.711208 1.109967
0.711491 1.110319
0.711774 1.108858
0.712057 1.107136
0.712339 1.108299
0.712622 1.108042
0.712905 1.107008
0.713188 1.106645
0.713471 1.106582
0.713754 1.105863
0.714036 1.106010
0.714319 1.105753
0.714602 1.103046
0.714885 1.103726
0.715168 1.101164
0.715451 1.103214
0.715733 1.102823
0.716016 1.102231
0.716299 1.099215
0.716582 1.100847
0.716865 1.099657
0.717148 1.100296
0.717431 1.098727
0.717713 1.097248
0.717996 1.098270
0.718279 1.097488
0.718562 1.097239
0.718845 1.097095
0.719128 1.096447
0.719410 1.096194
0.719693 1.094975
0.719976 1.093702
0.720259 1.091863
0.720542 1.093021
0.720825 1.093022
0.721107 1.092451
0.721390 1.091732
0.721673 1.090549
0.721956 1.090204
0.722239 1.090519
0.722522 1.090261
0.722805 1.092029
0.723087 1.088246
0.723370 1.088962
0.723653 1.088083
0.723936 1.086392
0.724219 1.086066
0.724502 1.085804
0.724784 1.086572
0.725067 1.086449
0.725350 1.083829
0.725633 1.084919
0.725916 1.084169
0.726199 1.082753
0.726482 1.082985
0.726764 1.081744
0.727047 1.078678
0.727330 1.083099
0.727613 1.079898
0.727896 1.079167
0.728179 1.081081
0.728461 1.078556
0.728744 1.078789
0.729027 1.077094
0.729310 1.076942
0.729593 1.077020
0.729876 1.076154
0.730158 1.076823
0.730441 1.074549
0.730724 1.073276
0.731007 1.073425
0.731290 1.072581
0.731573 1.072898
0.731856 1.072506
0.732138 1.072106
0.732421 1.070371
0.732704 1.070576
0.732987 1.069398
0.733270 1.070413
0.733553 1.069782
0.733835 1.068517
0.734118 1.068100
0.734401 1.067959
0.734684 1.067630
0.734967 1.066240
0.735250 1.065963
0.735532 1.066662
0.735815 1.063598
0.736098 1.064846
0.736381 1.064104
0.736664 1.062694
0.736947 1.062760
0.737230 1.063637
0.737512 1.061201
0.737795 1.060590
0.738078 1.060438
0.738361 1.061203
0.738644 1.059075
0.738927 1.059604
0.739209 1.058444
0.739492 1.058161
0.739775 1.058378
0.740058 1.056204
0.740341 1.057713
0.740624 1.055864
0.740906 1.054446
0.741189 1.056639
0.741472 1.055442
0.741755 1.053550
0.742038 1.053954
0.742321 1.052416
0.742604 1.053445
0.742886 1.051783
0.743169 1.050348
0.743452 1.049542
0.743735 1.050160
0.744018 1.049686
0.744301 1.049003
0.744583 1.048131
0.744866 1.047064
0.745149 1.047611
0.745432 1.046834
0.745715 1.046272
0.745998 1.045514
0.746280 1.044758
0.746563 1.044402
0.746846 1.044361
0.747129 1.044127
0.747412 1.044228
0.747695 1.042272
0.747978 1.040948
0.748260 1.039820
0.748543 1.039475
0.748826 1.038868
0.749109 1.039258
0.749392 1.038381
0.749675 1.036426
0.749957 1.037935
0.750240 1.037232
0.750523 1.036391
0.750806 1.037291
0.751089 1.036540
0.751372 1.034290
0.751655 1.031698
0.751937 1.034873
0.752220 1.032400
0.752503 1.032331
0.752786 1.033258
0.753069 1.031467
0.753352 1.032587
0.753634 1.031251
0.753917 1.031279
0.754200 1.028863
0.754483 1.029345
0.754766 1.027944
0.755049 1.029008
0.755331 1.026967
0.755614 1.025968
0.755897 1.027248
0.756180 1.024208
0.756463 1.023481
0.756746 1.025354
0.757029 1.023988
0.757311 1.023944
0.757594 1.021916
0.757877 1.021810
0.758160 1.022686
0.758443 1.020926
0.758726 1.020571
0.759008 1.020314
0.759291 1.019242
0.759574 1.019776
0.759857 1.018378
0.760140 1.017681
0.760423 1.017080
0.760705 1.017734
0.760988 1.016211
0.761271 1.016480
0.761554 1.015804
0.761837 1.015029
0.762120 1.013215
0.762403 1.013766
0.762685 1.013529
0.762968 1.010366
0.763251 1.011250
0.763534 1.012281
0.763817 1.011238
0.764100 1.009683
0.764382 1.010001
0.764665 1.007883
0.764948 1.008474
0.765231 1.007990
0.765514 1.006724
0.765797 1.005839
0.766079 1.007013
0.766362 1.006216
0.766645 1.004517
0.766928 1.004713
0.767211 1.004533
0.767494 1.003635
0.767777 1.002039
0.768059 1.001664
0.768342 1.002356
0.768625 1.001911
0.768908 0.998878
0.769191 1.000717
0.769474 0.999726
0.769756 0.998857
0.770039 0.996118
0.770322 0.994980
0.770605 0.997797
0.770888 0.995466
0.771171 0.995986
0.771453 0.995610
0.771736 0.993654
0.772019 0.994317
0.772302 0.993738
0.772585 0.992175
0.772868 0.990699
0.773151 0.991695
0.773433 0.991315
0.773716 0.989723
0.773999 0.989775
0.774282 0.989433
0.774565 0.987404
0.774848 0.987326
0.775130 0.985468
0.775413 0.986844
0.775696 0.985804
0.775979 0.986713
0.776262 0.984197
0.776545 0.984564
0.776828 0.982619
0.777110 0.982604
0.777393 0.983142
0.777676 0.981904
0.777959 0.981401
0.778242 0.981782
0.778525 0.981051
0.778807 0.980695
0.779090 0.978461
0.779373 0.978906
0.779656 0.978061
0.779939 0.977454
0.780222 0.976707
0.780504 0.975282
0.780787 0.974541
0.781070 0.975542
0.781353 0.974961
0.781636 0.973564
0.781919 0.975264
0.782202 0.972299
0.782484 0.971275
0.782767 0.970227
0.783050 0.972930
0.783333 0.970597
0.783616 0.970097
0.783899 0.969133
0.784181 0.969928
0.784464 0.967511
0.784747 0.965734
0.785030 0.966399
0.785313 0.965339
0.785596 0.967510
0.785878 0.964806
0.786161 0.964755
0.786444 0.963262
0.786727 0.963188
0.787010 0.962558
0.787293 0.963244
0.787576 0.962784
0.787858 0.962030
0.788141 0.960548
0.788424 0.960009
0.788707 0.959182
0.788990 0.959233
0.789273 0.958841
0.789555 0.956733
0.789838 0.958437
0.790121 0.956358
0.790404 0.954967
0.790687 0.955771
0.790970 0.954468
0.791252 0.953544
0.791535 0.953706
0.791818 0.953818
0.792101 0.952706
0.792384 0.952607
0.792667 0.952658
0.792950 0.952125
0.793232 0.950465
0.793515 0.949470
0.793798 0.949120
0.794081 0.947291
0.794364 0.946095
0.794647 0.946216
0.794929 0.945560
0.795212 0.947123
0.795495 0.945548
0.795778 0.945011
0.796061 0.943084
0.796344 0.943579
0.796626 0.942090
0.796909 0.939518
0.797192 0.940623
0.797475 0.941473
0.797758 0.941095
0.798041 0.940377
0.798324 0.937412
0.798606 0.938964
0.798889 0.939523
0.799172 0.937301
0.799455 0.936700
0.799738 0.937792
0.800021 0.934450
0.800303 0.934810
0.800586 0.934433
0.800869 0.933517
0.801152 0.933193
0.801435 0.932638
0.801718 0.931156
0.802001 0.930433
0.802283 0.929898
0.802566 0.929891
0.802849 0.930871
0.803132 0.929596
0.803415 0.926731
0.803698 0.926907
0.803980 0.926577
0.804263 0.925652
0.804546 0.925930
0.804829 0.925938
0.805112 0.923958
0.805395 0.925072
0.805677 0.922296
0.805960 0.922853
0.806243 0.921579
0.806526 0.922619
0.806809 0.920852
0.807092 0.919365
0.807375 0.919774
0.807657 0.918418
0.807940 0.919327
0.808223 0.917881
0.808506 0.917784
0.808789 0.917277
0.809072 0.916119
0.809354 0.915336
0.809637 0.915294
0.809920 0.913147
0.810203 0.913055
0.810486 0.915171
0.810769 0.912727
0.811051 0.912562
0.811334 0.910985
0.811617 0.910394
0.811900 0.909516
0.812183 0.909287
0.812466 0.908516
0.812749 0.908266
0.813031 0.908176
0.813314 0.906160
0.813597 0.906575
0.813880 0.905516
0.814163 0.905323
0.814446 0.906145
0.814728 0.904534
0.815011 0.903269
0.815294 0.903234
0.815577 0.902719
0.815860 0.901429
0.816143 0.901134
0.816425 0.899988
0.816708 0.900887
0.816991 0.899506
0.817274 0.897662
0.817557 0.897469
0.817840 0.898104
0.818123 0.896967
0.818405 0.895815
0.818688 0.895962
0.818971 0.894744
0.819254 0.894375
0.819537 0.892085
0.819820 0.892535
0.820102 0.892715
0.820385 0.890816
0.820668 0.892733
0.820951 0.890492
0.821234 0.889154
0.821517 0.890591
0.821800 0.888408
0.822082 0.888585
0.822365 0.888928
0.822648 0.886102
0.822931 0.886182
0.823214 0.884300
0.823497 0.883822
0.823779 0.886116
0.824062 0.884464
0.824345 0.882776
0.824628 0.881797
0.824911 0.881750
0.825194 0.881058
0.825476 0.880226
0.825759 0.879760
0.826042 0.877377
0.826325 0.877488
0.826608 0.876550
0.826891 0.877493
0.827174 0.876871
0.827456 0.876222
0.827739 0.875491
0.828022 0.876851
0.828305 0.873728
0.828588 0.874102
0.828871 0.873545
0.829153 0.871663
0.829436 0.872649
0.829719 0.871614
0.830002 0.869639
0.830285 0.869328
0.830568 0.867904
0.830850 0.870099
0.831133 0.867643
0.831416 0.868054
0.831699 0.867506
0.831982 0.865834
0.832265 0.866189
0.832548 0.865268
0.832830 0.865050
0.833113 0.864195
0.833396 0.862736
0.833679 0.862955
0.833962 0.861699
0.834245 0.860962
0.834527 0.861155
0.834810 0.860722
0.835093 0.859964
0.835376 0.859976
0.835659 0.858421
0.835942 0.856985
0.836224 0.857098
0.836507 0.856414
0.836790 0.855418
0.837073 0.854623
0.837356 0.855150
0.837639 0.853428
0.837922 0.853908
0.838204 0.851873
0.838487 0.852674
0.838770 0.850903
0.839053 0.851576
0.839336 0.851465
0.839619 0.849362
0.839901 0.849810
0.840184 0.847815
0.840467 0.847200
0.840750 0.846141
0.841033 0.847964
0.841316 0.846203
0.841598 0.846438
0.841881 0.845318
0.842164 0.843141
0.842447 0.844288
0.842730 0.841197
0.843013 0.841984
0.843296 0.840065
0.843578 0.840590
0.843861 0.840133
0.844144 0.840864
0.844427 0.839518
0.844710 0.838882
0.844993 0.838797
0.845275 0.836460
0.845558 0.836984
0.845841 0.835532
0.846124 0.836241
0.846407 0.834228
0.846690 0.834137
0.846973 0.833914
0.847255 0.834083
0.847538 0.833058
0.847821 0.831194
0.848104 0.832310
0.848387 0.830197
0.848670 0.830127
0.848952 0.829954
0.849235 0.828275
0.849518 0.826776
0.849801 0.826945
0.850084 0.827040
0.850367 0.824890
0.850649 0.825554
0.850932 0.824090
0.851215 0.824234
0.851498 0.823444
0.851781 0.823902
0.852064 0.823102
0.852347 0.820803
0.852629 0.821694
0.852912 0.820563
0.853195 0.819459
0.853478 0.820046
0.853761 0.818530
0.854044 0.818053
0.854326 0.817221
0.854609 0.815455
0.854892 0.814987
0.855175 0.816309
0.855458 0.816369
0.855741 0.813584
0.856023 0.815237
0.856306 0.813819
0.856589 0.811413
0.856872 0.812252
0.857155 0.811976
0.857438 0.811126
0.857721 0.810405
0.858003 0.807307
0.858286 0.807693
0.858569 0.808241
0.858852 0.808049
0.859135 0.806902
0.859418 0.806656
0.859700 0.805616
0.859983 0.805151
0.860266 0.804103
0.860549 0.803620
0.860832 0.802417
0.861115 0.803050
0.861397 0.802623
0.861680 0.802347
0.861963 0.801777
0.862246 0.800104
0.862529 0.799407
0.862812 0.798549
0.863095 0.798362
0.863377 0.796590
0.863660 0.796933
0.863943 0.796121
0.864226 0.794870
0.864509 0.794945
0.864792 0.793993
0.865074 0.793086
0.865357 0.792992
0.865640 0.792581
0.865923 0.791572
0.866206 0.790456
0.866489 0.790387
0.866771 0.788831
0.867054 0.789776
0.867337 0.789240
0.867620 0.787737
0.867903 0.787292
0.868186 0.786043
0.868469 0.786947
0.868751 0.785225
0.869034 0.785085
0.869317 0.783749
0.869600 0.784524
0.869883 0.781942
0.870166 0.782831
0.870448 0.782227
0.870731 0.781490
0.871014 0.779680
0.871297 0.779074
0.871580 0.778861
0.871863 0.778777
0.872146 0.777879
0.872428 0.777333
0.872711 0.777177
0.872994 0.778204
0.873277 0.774886
0.873560 0.774842
0.873843 0.775150
0.874125 0.774297
0.874408 0.773041
0.874691 0.772228
0.874974 0.771247
0.875257 0.771295
0.875540 0.769134
0.875822 0.768926
0.876105 0.768909
0.876388 0.769442
0.876671 0.768483
0.876954 0.765310
0.877237 0.767014
0.877520 0.765887
0.877802 0.766461
0.878085 0.765544
0.878368 0.763799
0.878651 0.763699
0.878934 0.762469
0.879217 0.762259
0.879499 0.761857
0.879782 0.761153
0.880065 0.758101
0.880348 0.759450
0.880631 0.758434
0.880914 0.758464
0.881196 0.758543
0.881479 0.757535
0.881762 0.756238
0.882045 0.755520
0.882328 0.754826
0.882611 0.754531
0.882894 0.754178
0.883176 0.752285
0.883459 0.752363
0.883742 0.752745
0.884025 0.751749
0.884308 0.749281
0.884591 0.749931
0.884873 0.748369
0.885156 0.750138
0.885439 0.746951
0.885722 0.747476
0.886005 0.746779
0.886288 0.745909
0.886570 0.745794
0.886853 0.745764
0.887136 0.744293
0.887419 0.743463
0.887702 0.743660
0.887985 0.741040
0.888268 0.741562
0.888550 0.741614
0.888833 0.739925
0.889116 0.739383
0.889399 0.739917
0.889682 0.738858
0.889965 0.738045
0.890247 0.738056
0.890530 0.737537
0.890813 0.735736
0.891096 0.735476
0.891379 0.734035
0.891662 0.734766
0.891944 0.733705
0.892227 0.731876
0.892510 0.732499
0.892793 0.733494
0.893076 0.731842
0.893359 0.731711
0.893642 0.730652
0.893924 0.728720
0.894207 0.727192
0.894490 0.728796
0.894773 0.727979
0.895056 0.726639
0.895339 0.724869
0.895621 0.724779
0.895904 0.725530
0.896187 0.723826
0.896470 0.723563
0.896753 0.722550
0.897036 0.721026
0.897319 0.722004
0.897601 0.721361
0.897884 0.719534
0.898167 0.719569
0.898450 0.718871
0.898733 0.719759
0.899016 0.717160
0.899298 0.716716
0.899581 0.715576
0.899864 0.716625
0.900147 0.715340
0.900430 0.713638
0.900713 0.713344
0.900995 0.713987
0.901278 0.712439
0.901561 0.711274
0.901844 0.710955
0.902127 0.711607
0.902410 0.710025
0.902693 0.709342
0.902975 0.708717
0.903258 0.707895
0.903541 0.707861
0.903824 0.706637
0.904107 0.706333
0.904390 0.704898
0.904672 0.705580
0.904955 0.704788
0.905238 0.703008
0.905521 0.703301
0.905804 0.702078
0.906087 0.701413
0.906369 0.701455
0.906652 0.701325
0.906935 0.699359
0.907218 0.699987
0.907501 0.698966
0.907784 0.698601
0.908067 0.697307
0.908349 0.696844
0.908632 0.696605
0.908915 0.696064
0.909198 0.695417
0.909481 0.695762
0.909764 0.693492
0.910046 0.693282
0.910329 0.692421
0.910612 0.691117
0.910895 0.690939
0.911178 0.690883
0.911461 0.689165
0.911743 0.689859
0.912026 0.687418
0.912309 0.687209
0.912592 0.688055
0.912875 0.686893
0.913158 0.686187
0.913441 0.685276
0.913723 0.684129
0.914006 0.683406
0.914289 0.682478
0.914572 0.682391
0.914855 0.681990
0.915138 0.681915
0.915420 0.681010
0.915703 0.680870
0.915986 0.678348
0.916269 0.678636
0.916552 0.677388
0.916835 0.677136
0.917117 0.676185
0.917400 0.675626
0.917683 0.675466
0.917966 0.675283
0.918249 0.674132
0.918532 0.673402
0.918815 0.673236
0.919097 0.673168
0.919380 0.671421
0.919663 0.671358
0.919946 0.669721
0.920229 0.669880
0.920512 0.669355
0.920794 0.668274
0.921077 0.667979
0.921360 0.666734
0.921643 0.666908
0.921926 0.665461
0.922209 0.665674
0.922492 0.664219
0.922774 0.663939
0.923057 0.662545
0.923340 0.663105
0.923623 0.661953
0.923906 0.662173
0.924189 0.660729
0.924471 0.658892
0.924754 0.658690
0.925037 0.658090
0.925320 0.657834
0.925603 0.657811
0.925886 0.655326
0.926168 0.656791
0.926451 0.655113
0.926734 0.655102
0.927017 0.653813
0.927300 0.653977
0.927583 0.653461
0.927866 0.652146
0.928148 0.651296
0.928431 0.651877
0.928714 0.651225
0.928997 0.649370
0.929280 0.648263
0.929563 0.647972
0.929845 0.647849
0.930128 0.647305
0.930411 0.646902
0.930694 0.645686
0.930977 0.644926
0.931260 0.644239
0.931542 0.644597
0.931825 0.643581
0.932108 0.642626
0.932391 0.642265
0.932674 0.641376
0.932957 0.640681
0.933240 0.640032
0.933522 0.639807
0.933805 0.637530
0.934088 0.637602
0.934371 0.637070
0.934654 0.636470
0.934937 0.636113
0.935219 0.634316
0.935502 0.634813
0.935785 0.633953
0.936068 0.632972
0.936351 0.633509
0.936634 0.632196
0.936916 0.631999
0.937199 0.632430
0.937482 0.628994
0.937765 0.629035
0.938048 0.628307
0.938331 0.627986
0.938614 0.628069
0.938896 0.627823
0.939179 0.626162
0.939462 0.626768
0.939745 0.624447
0.940028 0.623276
0.940311 0.625235
0.940593 0.623216
0.940876 0.623474
0.941159 0.621889
0.941442 0.621442
0.941725 0.620689
0.942008 0.620190
0.942290 0.619226
0.942573 0.618333
0.942856 0.617238
0.943139 0.617579
0.943422 0.617122
0.943705 0.616733
0.943988 0.615242
0.944270 0.615708
0.944553 0.613926
0.944836 0.613378
0.945119 0.614178
0.945402 0.611836
0.945685 0.611046
0.945967 0.611318
0.946250 0.610344
0.946533 0.609827
0.946816 0.609520
0.947099 0.608459
0.947382 0.608403
0.947665 0.607656
0.947947 0.606398
0.948230 0.606668
0.948513 0.605907
0.948796 0.605711
0.949079 0.604750
0.949362 0.602932
0.949644 0.603634
0.949927 0.603427
0.950210 0.600438
0.950493 0.602129
0.950776 0.600146
0.951059 0.599926
0.951341 0.599617
0.951624 0.598660
0.951907 0.597606
0.952190 0.596785
0.952473 0.596398
0.952756 0.595639
0.953039 0.594637
0.953321 0.594886
0.953604 0.594862
0.953887 0.592559
0.954170 0.593741
0.954453 0.593474
0.954736 0.590522
0.955018 0.589460
0.955301 0.589650
0.955584 0.588966
0.955867 0.588602
0.956150 0.587933
0.956433 0.587285
0.956715 0.586682
0.956998 0.587177
0.957281 0.585208
0.957564 0.584380
0.957847 0.584596
0.958130 0.583744
0.958413 0.583558
0.958695 0.582451
0.958978 0.581557
0.959261 0.581219
0.959544 0.580398
0.959827 0.579097
0.960110 0.579315
0.960392 0.579689
0.960675 0.577487
0.960958 0.577198
0.961241 0.575769
0.961524 0.576137
0.961807 0.574954
0.962089 0.574293
0.962372 0.573492
0.962655 0.571518
0.962938 0.571981
0.963221 0.572495
0.963504 0.571074
0.963787 0.570080
0.964069 0.571460
0.964352 0.569817
0.964635 0.569762
0.964918 0.567958
0.965201 0.567715
0.965484 0.566329
0.965766 0.566274
0.966049 0.564666
0.966332 0.565740
0.966615 0.563751
0.966898 0.563156
0.967181 0.563508
0.967463 0.562755
0.967746 0.561707
0.968029 0.560358
0.968312 0.560988
0.968595 0.559669
0.968878 0.558756
0.969161 0.558094
0.969443 0.558708
0.969726 0.557646
0.970009 0.555713
0.970292 0.555995
0.970575 0.555651
0.970858 0.555653
0.971140 0.553956
0.971423 0.554077
0.971706 0.554205
0.971989 0.552238
0.972272 0.552155
0.972555 0.552004
0.972838 0.549892
0.973120 0.549792
0.973403 0.547172
0.973686 0.549589
0.973969 0.547131
0.974252 0.546761
0.974535 0.545975
0.974817 0.545521
0.975100 0.544803
0.975383 0.545041
0.975666 0.543502
0.975949 0.542959
0.976232 0.541947
0.976514 0.542815
0.976797 0.540358
0.977080 0.540356
0.977363 0.538797
0.977646 0.541012
0.977929 0.538144
0.978212 0.537669
0.978494 0.537927
0.978777 0.535625
0.979060 0.535948
0.979343 0.536518
0.979626 0.534861
0.979909 0.533979
0.980191 0.533533
0.980474 0.533068
0.980757 0.531646
0.981040 0.531632
0.981323 0.530225
0.981606 0.530867
0.981888 0.530700
0.982171 0.529140
0.982454 0.527923
0.982737 0.527981
0.983020 0.527183
0.983303 0.525877
0.983586 0.525727
0.983868 0.526682
0.984151 0.524456
0.984434 0.524214
0.984717 0.524231
0.985000 0.523529
0.985283 0.522710
0.985565 0.521869
0.985848 0.521380
0.986131 0.520053
0.986414 0.520119
0.986697 0.518372
0.986980 0.518737
0.987262 0.518281
0.987545 0.516239
0.987828 0.515748
0.988111 0.516013
0.988394 0.514797
0.988677 0.514040
0.988960 0.513731
0.989242 0.513415
0.989525 0.512360
0.989808 0.512243
0.990091 0.511990
0.990374 0.510357
0.990657 0.509229
0.990939 0.510208
0.991222 0.509744
0.991505 0.507495
0.991788 0.508493
0.992071 0.507287
0.992354 0.506598
0.992636 0.506135
0.992919 0.505597
0.993202 0.503429
0.993485 0.503748
0.993768 0.503135
0.994051 0.501629
0.994334 0.501137
0.994616 0.500825
0.994899 0.500006
0.995182 0.499918
0.995465 0.498960
0.995748 0.498426
0.996031 0.497934
0.996313 0.498094
0.996596 0.496335
0.996879 0.496445
0.997162 0.496090
0.997445 0.494848
0.997728 0.495144
0.998011 0.493110
0.998293 0.493334
0.998576 0.492549
0.998859 0.490942
0.999142 0.491464
0.999425 0.490687
0.999708 0.490641
0.999990 0.488909
1.000273 0.488570
1.000556 0.488081
1.000839 0.487239
1.001122 0.487188
1.001405 0.486638
1.001687 0.485261
1.001970 0.484268
1.002253 0.484586
1.002536 0.483653
1.002819 0.482881
1.003102 0.482358
1.003385 0.482322
1.003667 0.482279
1.003950 0.480496
1.004233 0.479735
1.004516 0.479688
1.004799 0.478583
1.005082 0.478002
1.005364 0.477033
1.005647 0.476553
1.005930 0.476759
1.006213 0.474644
1.006496 0.474864
1.006779 0.473895
1.007061 0.474229
1.007344 0.473280
1.007627 0.471937
1.007910 0.471385
1.008193 0.470750
1.008476 0.469958
1.008759 0.470845
1.009041 0.469137
1.009324 0.469572
1.009607 0.468408
1.009890 0.467200
1.010173 0.467464
1.010456 0.466618
1.010738 0.463644
1.011021 0.464823
1.011304 0.465139
1.011587 0.463803
1.011870 0.462782
1.012153 0.462703
1.012435 0.461439
1.012718 0.461698
1.013001 0.459960
1.013284 0.460141
1.013567 0.459225
1.013850 0.458300
1.014133 0.458215
1.014415 0.457391
1.014698 0.456573
1.014981 0.457419
1.015264 0.455585
1.015547 0.454806
1.015830 0.454321
1.016112 0.454458
1.016395 0.453464
1.016678 0.452656
1.016961 0.452299
1.017244 0.451285
1.017527 0.451112
1.017810 0.450163
1.018092 0.450450
1.018375 0.449510
1.018658 0.448242
1.018941 0.447870
1.019224 0.447808
1.019507 0.446266
1.019789 0.445357
1.020072 0.443900
1.020355 0.444736
1.020638 0.445013
1.020921 0.444280
1.021204 0.442645
1.021486 0.440970
1.021769 0.441528
1.022052 0.441073
1.022335 0.439291
1.022618 0.438869
1.022901 0.439368
1.023184 0.438809
1.023466 0.438034
1.023749 0.437089
1.024032 0.437717
1.024315 0.435432
1.024598 0.435634
1.024881 0.434299
1.025163 0.433653
1.025446 0.433790
1.025729 0.432127
1.026012 0.432690
1.026295 0.432202
1.026578 0.431369
1.026860 0.429992
1.027143 0.430433
1.027426 0.428816
1.027709 0.428898
1.027992 0.428167
1.028275 0.427743
1.028558 0.426931
1.028840 0.426438
1.029123 0.425286
1.029406 0.425402
1.029689 0.424785
1.029972 0.424051
1.030255 0.422281
1.030537 0.423229
1.030820 0.421687
1.031103 0.422120
1.031386 0.421243
1.031669 0.420616
1.031952 0.419501
1.032234 0.418468
1.032517 0.417858
1.032800 0.418326
1.033083 0.416482
1.033366 0.415997
1.033649 0.416351
1.033932 0.416010
1.034214 0.415089
1.034497 0.414441
1.034780 0.412141
1.035063 0.411627
1.035346 0.412319
1.035629 0.412799
1.035911 0.411552
1.036194 0.410421
1.036477 0.409998
1.036760 0.409764
1.037043 0.408277
1.037326 0.408644
1.037608 0.407563
1.037891 0.407792
1.038174 0.406389
1.038457 0.406142
1.038740 0.405743
1.039023 0.404461
1.039306 0.403561
1.039588 0.403985
1.039871 0.403196
1.040154 0.401638
1.040437 0.401891
1.040720 0.400700
1.041003 0.400493
1.041285 0.400097
1.041568 0.399577
1.041851 0.398682
1.042134 0.397985
1.042417 0.396904
1.042700 0.396836
1.042983 0.396144
1.043265 0.395774
1.043548 0.394338
1.043831 0.394731
1.044114 0.394234
1.044397 0.394354
1.044680 0.392964
1.044962 0.392571
1.045245 0.391911
1.045528 0.390693
1.045811 0.390008
1.046094 0.390152
1.046377 0.389033
1.046659 0.387997
1.046942 0.388220
1.047225 0.387947
1.047508 0.386924
1.047791 0.386114
1.048074 0.384812
1.048357 0.385231
1.048639 0.384625
1.048922 0.383930
1.049205 0.383506
1.049488 0.382986
1.049771 0.381373
1.050054 0.381955
1.050336 0.380695
1.050619 0.379386
1.050902 0.379200
1.051185 0.378634
1.051468 0.378422
1.051751 0.378834
1.052033 0.377011
1.052316 0.376080
1.052599 0.375663
1.052882 0.376229
1.053165 0.374224
1.053448 0.374189
1.053731 0.373679
1.054013 0.372987
1.054296 0.372535
1.054579 0.372961
1.054862 0.371325
1.055145 0.371370
1.055428 0.370300
1.055710 0.370433
1.055993 0.368833
1.056276 0.368670
1.056559 0.367475
1.056842 0.367415
1.057125 0.366526
1.057407 0.366944
1.057690 0.365436
1.057973 0.365383
1.058256 0.364422
1.058539 0.364407
1.058822 0.364698
1.059105 0.362759
1.059387 0.362105
1.059670 0.361570
1.059953 0.361824
1.060236 0.359637
1.060519 0.360997
1.060802 0.359892
1.061084 0.357963
1.061367 0.358498
1.061650 0.357115
1.061933 0.356906
1.062216 0.356582
1.062499 0.355208
1.062781 0.355296
1.063064 0.353963
1.063347 0.353809
1.063630 0.353048
1.063913 0.353153
1.064196 0.352337
1.064479 0.352367
1.064761 0.351066
1.065044 0.350943
1.065327 0.349940
1.065610 0.350306
1.065893 0.349385
1.066176 0.347871
1.066458 0.347612
1.066741 0.347691
1.067024 0.347324
1.067307 0.346529
1.067590 0.346405
1.067873 0.345270
1.068156 0.344815
1.068438 0.343781
1.068721 0.343555
1.069004 0.342894
1.069287 0.341382
1.069570 0.341028
1.069853 0.340834
1.070135 0.339959
1.070418 0.340163
1.070701 0.338969
1.070984 0.338094
1.071267 0.338121
1.071550 0.337051
1.071832 0.337191
1.072115 0.336556
1.072398 0.335470
1.072681 0.335134
1.072964 0.334615
1.073247 0.333871
1.073530 0.332964
1.073812 0.333229
1.074095 0.332779
1.074378 0.332344
1.074661 0.331209
1.074944 0.331047
1.075227 0.330401
1.075509 0.329802
1.075792 0.328282
1.076075 0.328289
1.076358 0.328126
1.076641 0.327296
1.076924 0.327394
1.077206 0.327448
1.077489 0.326494
1.077772 0.325504
1.078055 0.324680
1.078338 0.323858
1.078621 0.323628
1.078904 0.323287
1.079186 0.322388
1.079469 0.323014
1.079752 0.321729
1.080035 0.321619
1.080318 0.320134
1.080601 0.319786
1.080883 0.319596
1.081166 0.318355
1.081449 0.317640
1.081732 0.317686
1.082015 0.316822
1.082298 0.316521
1.082580 0.315541
1.082863 0.315642
1.083146 0.314253
1.083429 0.314671
1.083712 0.314090
1.083995 0.313958
1.084278 0.312911
1.084560 0.311833
1.084843 0.311878
1.085126 0.311638
1.085409 0.309630
1.085692 0.309413
1.085975 0.309044
1.086257 0.309466
1.086540 0.307627
1.086823 0.308515
1.087106 0.307305
1.087389 0.306780
1.087672 0.306717
1.087954 0.304882
1.088237 0.305006
1.088520 0.304021
1.088803 0.304363
1.089086 0.303029
1.089369 0.302405
1.089652 0.302278
1.089934 0.301809
1.090217 0.301138
1.090500 0.300752
1.090783 0.299261
1.091066 0.299619
1.091349 0.298827
1.091631 0.298765
1.091914 0.297446
1.092197 0.297466
1.092480 0.296671
1.092763 0.295909
1.093046 0.295885
1.093329 0.295448
1.093611 0.295337
1.093894 0.293686
1.094177 0.293402
1.094460 0.292676
1.094743 0.292521
1.095026 0.291637
1.095308 0.291278
1.095591 0.290779
1.095874 0.290317
1.096157 0.290629
1.096440 0.289728
1.096723 0.289425
1.097005 0.288636
1.097288 0.287667
1.097571 0.287459
1.097854 0.287165
1.098137 0.285639
1.098420 0.285401
1.098703 0.284792
1.098985 0.284325
1.099268 0.284519
1.099551 0.282913
1.099834 0.282285
1.100117 0.281790
1.100400 0.281973
1.100682 0.281707
1.100965 0.281477
1.101248 0.280159
1.101531 0.279370
1.101814 0.278870
1.102097 0.278418
1.102379 0.277296
1.102662 0.277422
1.102945 0.277197
1.103228 0.275921
1.103511 0.276369
1.103794 0.275875
1.104077 0.274568
1.104359 0.275002
1.104642 0.274353
1.104925 0.273382
1.105208 0.272443
1.105491 0.272309
1.105774 0.272095
1.106056 0.272249
1.106339 0.270651
1.106622 0.270048
1.106905 0.269667
1.107188 0.268655
1.107471 0.268705
1.107753 0.268806
1.108036 0.267884
1.108319 0.267167
1.108602 0.267364
1.108885 0.266199
1.109168 0.266529
1.109451 0.264903
1.109733 0.264731
1.110016 0.265079
1.110299 0.263167
1.110582 0.262811
1.110865 0.263728
1.111148 0.261980
1.111430 0.261691
1.111713 0.261731
1.111996 0.260177
1.112279 0.261181
1.112562 0.259370
1.112845 0.258269
1.113127 0.259109
1.113410 0.258036
1.113693 0.257833
1.113976 0.257307
1.114259 0.257109
1.114542 0.255552
1.114825 0.255185
1.115107 0.254688
1.115390 0.254465
1.115673 0.253615
1.115956 0.254235
1.116239 0.253081
1.116522 0.252235
1.116804 0.251776
1.117087 0.251508
1.117370 0.250969
1.117653 0.250076
1.117936 0.250667
1.118219 0.249737
1.118502 0.249008
1.118784 0.248337
1.119067 0.247666
1.119350 0.247340
1.119633 0.246934
1.119916 0.246566
1.120199 0.245712
1.120481 0.246337
1.120764 0.244648
1.121047 0.244589
1.121330 0.243967
1.121613 0.243622
1.121896 0.242953
1.122178 0.242098
1.122461 0.242088
1.122744 0.241110
1.123027 0.240762
1.123310 0.240068
1.123593 0.240248
1.123876 0.239443
1.124158 0.238769
1.124441 0.238334
1.124724 0.237449
1.125007 0.237100
1.125290 0.236796
1.125573 0.236746
1.125855 0.236025
1.126138 0.236176
1.126421 0.235524
1.126704 0.234946
1.126987 0.234082
1.127270 0.233736
1.127552 0.232829
1.127835 0.233430
1.128118 0.232395
1.128401 0.232011
1.128684 0.231733
1.128967 0.230566
1.129250 0.230369
1.129532 0.229888
1.129815 0.229409
1.130098 0.228846
1.130381 0.228748
1.130664 0.227971
1.130947 0.227563
1.131229 0.227160
1.131512 0.226295
1.131795 0.225208
1.132078 0.225581
1.132361 0.225345
1.132644 0.224649
1.132926 0.224379
1.133209 0.223611
1.133492 0.223128
1.133775 0.222403
1.134058 0.221726
1.134341 0.221008
1.134624 0.220844
1.134906 0.220438
1.135189 0.220659
1.135472 0.218918
1.135755 0.219461
1.136038 0.218701
1.136321 0.218359
1.136603 0.218021
1.136886 0.217570
1.137169 0.217643
1.137452 0.216862
1.137735 0.216256
1.138018 0.215426
1.138300 0.215228
1.138583 0.214917
1.138866 0.213399
1.139149 0.213313
1.139432 0.212964
1.139715 0.212467
1.139998 0.212179
1.140280 0.211634
1.140563 0.211592
1.140846 0.211224
1.141129 0.210848
1.141412 0.209453
1.141695 0.208992
1.141977 0.208911
1.142260 0.208085
1.142543 0.208365
1.142826 0.207067
1.143109 0.207284
1.143392 0.206744
1.143675 0.205563
1.143957 0.206173
1.144240 0.205176
1.144523 0.204317
1.144806 0.204550
1.145089 0.204197
1.145372 0.202825
1.145654 0.203052
1.145937 0.203418
1.146220 0.202827
1.146503 0.202079
1.146786 0.201030
1.147069 0.200739
1.147351 0.201151
1.147634 0.199894
1.147917 0.199361
1.148200 0.198871
1.148483 0.197917
1.148766 0.198779
1.149049 0.197345
1.149331 0.197016
1.149614 0.196607
1.149897 0.196865
1.150180 0.196218
1.150463 0.195481
1.150746 0.194938
1.151028 0.194504
1.151311 0.194291
1.151594 0.193216
1.151877 0.192329
1.152160 0.193611
1.152443 0.192430
1.152725 0.191268
1.153008 0.191066
1.153291 0.191049
1.153574 0.190540
1.153857 0.190799
1.154140 0.190006
1.154423 0.188630
1.154705 0.188564
1.154988 0.188545
1.155271 0.187653
1.155554 0.186875
1.155837 0.186876
1.156120 0.185907
1.156402 0.186213
1.156685 0.184932
1.156968 0.185274
1.157251 0.183904
1.157534 0.183909
1.157817 0.184221
1.158099 0.183563
1.158382 0.183715
1.158665 0.182417
1.158948 0.181957
1.159231 0.181593
1.159514 0.181621
1.159797 0.180501
1.160079 0.180777
1.160362 0.179676
1.160645 0.179715
1.160928 0.179387
1.161211 0.178846
1.161494 0.178634
1.161776 0.176939
1.162059 0.177775
1.162342 0.176928
1.162625 0.176412
1.162908 0.175834
1.163191 0.175730
1.163473 0.175169
1.163756 0.174862
1.164039 0.174319
1.164322 0.174104
1.164605 0.173046
1.164888 0.172926
1.165171 0.172659
1.165453 0.171518
1.165736 0.172079
1.166019 0.171583
1.166302 0.171146
1.166585 0.170266
1.166868 0.169956
1.167150 0.169942
1.167433 0.169563
1.167716 0.168825
1.167999 0.168322
1.168282 0.167902
1.168565 0.167646
1.168848 0.166784
1.169130 0.166567
1.169413 0.166106
1.169696 0.166114
1.169979 0.165037
1.170262 0.165504
1.170545 0.165049
1.170827 0.163913
1.171110 0.163934
1.171393 0.163380
1.171676 0.162553
1.171959 0.162658
1.172242 0.162036
1.172524 0.162569
1.172807 0.161239
1.173090 0.160610
1.173373 0.160164
1.173656 0.159890
1.173939 0.159869
1.174222 0.158996
1.174504 0.158718
1.174787 0.158376
1.175070 0.158380
1.175353 0.157610
1.175636 0.157327
1.175919 0.156388
1.176201 0.155881
1.176484 0.156504
1.176767 0.155689
1.177050 0.155035
1.177333 0.154743
1.177616 0.154514
1.177898 0.153662
1.178181 0.153768
1.178464 0.153019
1.178747 0.153683
1.179030 0.152675
1.179313 0.152171
1.179596 0.151493
1.179878 0.150765
1.180161 0.151020
1.180444 0.150383
1.180727 0.150365
1.181010 0.149258
1.181293 0.149013
1.181575 0.148854
1.181858 0.148387
1.182141 0.148022
1.182424 0.148180
1.182707 0.147122
1.182990 0.146358
1.183272 0.146572
1.183555 0.145769
1.183838 0.145925
1.184121 0.145171
1.184404 0.144888
1.184687 0.144812
1.184970 0.144522
1.185252 0.143413
1.185535 0.143122
1.185818 0.142920
1.186101 0.142280
1.186384 0.142255
1.186667 0.141647
1.186949 0.141416
1.187232 0.140451
1.187515 0.140574
1.187798 0.140609
1.188081 0.139515
1.188364 0.139365
1.188646 0.139394
1.188929 0.139055
1.189212 0.138641
1.189495 0.138385
1.189778 0.137116
1.190061 0.136855
1.190344 0.136506
1.190626 0.137030
1.190909 0.136055
1.191192 0.135818
1.191475 0.135185
1.191758 0.135128
1.192041 0.135238
1.192323 0.134282
1.192606 0.134267
1.192889 0.133254
1.193172 0.133345
1.193455 0.132538
1.193738 0.132423
1.194021 0.131871
1.194303 0.131626
1.194586 0.131114
1.194869 0.130522
1.195152 0.130504
1.195435 0.130216
1.195718 0.129445
1.196000 0.130039
1.196283 0.129246
1.196566 0.128542
1.196849 0.128269
1.197132 0.128196
1.197415 0.127534
1.197697 0.127095
1.197980 0.126720
1.198263 0.126520
1.198546 0.126289
1.198829 0.125267
1.199112 0.125126
1.199395 0.125522
1.199677 0.124334
1.199960 0.123933
1.200243 0.123687
1.200526 0.123687
1.200809 0.123372
1.201092 0.122759
1.201374 0.122111
1.201657 0.122077
1.201940 0.121797
1.202223 0.121279
1.202506 0.120914
1.202789 0.121135
1.203071 0.120263
1.203354 0.120054
1.203637 0.119902
1.203920 0.119388
1.204203 0.119436
1.204486 0.117807
1.204769 0.118082
1.205051 0.117690
1.205334 0.117060
1.205617 0.117246
1.205900 0.116752
1.206183 0.116032
1.206466 0.116176
1.206748 0.116000
1.207031 0.115481
1.207314 0.115232
1.207597 0.114997
1.207880 0.114544
1.208163 0.113561
1.208445 0.113187
1.208728 0.112493
1.209011 0.112694
1.209294 0.112784
1.209577 0.111671
1.209860 0.111494
1.210143 0.111734
1.210425 0.110554
1.210708 0.110318
1.210991 0.110546
1.211274 0.110076
1.211557 0.110386
1.211840 0.109584
1.212122 0.109100
1.212405 0.108663
1.212688 0.108520
1.212971 0.108330
1.213254 0.107523
1.213537 0.107875
1.213820 0.106868
1.214102 0.106314
1.214385 0.106940
1.214668 0.106110
1.214951 0.105816
1.215234 0.105196
1.215517 0.104668
1.215799 0.105133
1.216082 0.104733
1.216365 0.103826
1.216648 0.103884
1.216931 0.103701
1.217214 0.102801
1.217496 0.102539
1.217779 0.102293
1.218062 0.101961
1.218345 0.101392
1.218628 0.101532
1.218911 0.101218
1.219194 0.100966
1.219476 0.100574
1.219759 0.100041
1.220042 0.099210
1.220325 0.099376
1.220608 0.099210
1.220891 0.098371
1.221173 0.098465
1.221456 0.098274
1.221739 0.097639
1.222022 0.097385
1.222305 0.096802
1.222588 0.096874
1.222870 0.096446
1.223153 0.096171
1.223436 0.095499
1.223719 0.096049
1.224002 0.095223
1.224285 0.094638
1.224568 0.094647
1.224850 0.094217
1.225133 0.093873
1.225416 0.093335
1.225699 0.093378
1.225982 0.093102
1.226265 0.092852
1.226547 0.092444
1.226830 0.092251
1.227113 0.092186
1.227396 0.091586
1.227679 0.091059
1.227962 0.090723
1.228244 0.090584
1.228527 0.090289
1.228810 0.090308
1.229093 0.089862
1.229376 0.089076
1.229659 0.089021
1.229942 0.088284
1.230224 0.088356
1.230507 0.087923
1.230790 0.087925
1.231073 0.087451
1.231356 0.087237
1.231639 0.087083
1.231921 0.086758
1.232204 0.086322
1.232487 0.086213
1.232770 0.086172
1.233053 0.085501
1.233336 0.084866
1.233618 0.084896
1.233901 0.084528
1.234184 0.084004
1.234467 0.083654
1.234750 0.083454
1.235033 0.083337
1.235316 0.083407
1.235598 0.082794
1.235881 0.082526
1.236164 0.082053
1.236447 0.082156
1.236730 0.081501
1.237013 0.081139
1.237295 0.080883
1.237578 0.080839
1.237861 0.080961
1.238144 0.080107
1.238427 0.079809
1.238710 0.079982
1.238993 0.079131
1.239275 0.079121
1.239558 0.078787
1.239841 0.078895
1.240124 0.077910
1.240407 0.077814
1.240690 0.077678
1.240972 0.077346
1.241255 0.076880
1.241538 0.076563
1.241821 0.076729
1.242104 0.076272
1.242387 0.076034
1.242669 0.075609
1.242952 0.075219
1.243235 0.074961
1.243518 0.074886
1.243801 0.074260
1.244084 0.074162
1.244367 0.073921
1.244649 0.073810
1.244932 0.073220
1.245215 0.072375
1.245498 0.072570
1.245781 0.072669
1.246064 0.072158
1.246346 0.072209
1.246629 0.071943
1.246912 0.071412
1.247195 0.071177
1.247478 0.070783
1.247761 0.070774
1.248043 0.070325
1.248326 0.070409
1.248609 0.069520
1.248892 0.069362
1.249175 0.068953
1.249458 0.068536
1.249741 0.068774
1.250023 0.068020
1.250306 0.067780
1.250589 0.067783
1.250872 0.067559
1.251155 0.067334
1.251438 0.067103
1.251720 0.066830
1.252003 0.066526
1.252286 0.066399
1.252569 0.065899
1.252852 0.065672
1.253135 0.065495
1.253417 0.065004
1.253700 0.065022
1.253983 0.064624
1.254266 0.064432
1.254549 0.064418
1.254832 0.064129
1.255115 0.063455
1.255397 0.062981
1.255680 0.062952
1.255963 0.063355
1.256246 0.062434
1.256529 0.062303
1.256812 0.062286
1.257094 0.061676
1.257377 0.061733
1.257660 0.061471
1.257943 0.061067
1.258226 0.060643
1.258509 0.060464
1.258791 0.060101
1.259074 0.060148
1.259357 0.059852
1.259640 0.059460
1.259923 0.059610
1.260206 0.059347
1.260489 0.058868
1.260771 0.058575
1.261054 0.058361
1.261337 0.058032
1.261620 0.057947
1.261903 0.057408
1.262186 0.057286
1.262468 0.057221
1.262751 0.057054
1.263034 0.056775
1.263317 0.056259
1.263600 0.056159
1.263883 0.056248
1.264166 0.055596
1.264448 0.055165
1.264731 0.055339
1.265014 0.055011
1.265297 0.054462
1.265580 0.054325
1.265863 0.054300
1.266145 0.054117
1.266428 0.053905
1.266711 0.053605
1.266994 0.053340
1.267277 0.052980
1.267560 0.052774
1.267842 0.052715
1.268125 0.052446
1.268408 0.052000
1.268691 0.051820
1.268974 0.051562
1.269257 0.051156
1.269540 0.051298
1.269822 0.050775
1.270105 0.050773
1.270388 0.050870
1.270671 0.050089
1.270954 0.049843
1.271237 0.049727
1.271519 0.049792
1.271802 0.049319
1.272085 0.049540
1.272368 0.049230
1.272651 0.048626
1.272934 0.048576
1.273216 0.048349
1.273499 0.048064
1.273782 0.047979
1.274065 0.047677
1.274348 0.047305
1.274631 0.047445
1.274914 0.046734
1.275196 0.046609
1.275479 0.046291
1.275762 0.046521
1.276045 0.046318
1.276328 0.045750
1.276611 0.045468
1.276893 0.045592
1.277176 0.045283
1.277459 0.044657
1.277742 0.044408
1.278025 0.044445
1.278308 0.044257
1.278590 0.044451
1.278873 0.043861
1.279156 0.043941
1.279439 0.043522
1.279722 0.043042
1.280005 0.042774
1.280288 0.043134
1.280570 0.042667
1.280853 0.042558
1.281136 0.041840
1.281419 0.042126
1.281702 0.041674
1.281985 0.041491
1.282267 0.041320
1.282550 0.041175
1.282833 0.041090
1.283116 0.040810
1.283399 0.040548
1.283682 0.040648
1.283964 0.040236
1.284247 0.039871
1.284530 0.039865
1.284813 0.039862
1.285096 0.039119
1.285379 0.039394
1.285662 0.038976
1.285944 0.038584
1.286227 0.038537
1.286510 0.038773
1.286793 0.038257
1.287076 0.038064
1.287359 0.037914
1.287641 0.037718
1.287924 0.037839
1.288207 0.037109
1.288490 0.037063
1.288773 0.036682
1.289056 0.036719
1.289339 0.036335
1.289621 0.036099
1.289904 0.036028
1.290187 0.036171
1.290470 0.035842
1.290753 0.035648
1.291036 0.035134
1.291318 0.035054
1.291601 0.035140
1.291884 0.034673
1.292167 0.034579
1.292450 0.034263
1.292733 0.034298
1.293015 0.034165
1.293298 0.034081
1.293581 0.033509
1.293864 0.033609
1.294147 0.033291
1.294430 0.033198
1.294713 0.032700
1.294995 0.032702
1.295278 0.032761
1.295561 0.032274
1.295844 0.032032
1.296127 0.032054
1.296410 0.031770
1.296692 0.031776
1.296975 0.031495
1.297258 0.031449
1.297541 0.031188
1.297824 0.030716
1.298107 0.030748
1.298389 0.030510
1.298672 0.030523
1.298955 0.030286
1.299238 0.029852
1.299521 0.029996
1.299804 0.029531
1.300087 0.029575
1.300369 0.029418
1.300652 0.029031
1.300935 0.029007
1.301218 0.028866
1.301501 0.028873
1.301784 0.028443
1.302066 0.028449
1.302349 0.028374
1.302632 0.028135
1.302915 0.027884
1.303198 0.027686
1.303481 0.027414
1.303763 0.027301
1.304046 0.026881
1.304329 0.026997
1.304612 0.026871
1.304895 0.026696
1.305178 0.026544
1.305461 0.026274
1.305743 0.026325
1.306026 0.026023
1.306309 0.025737
1.306592 0.025260
1.306875 0.025309
1.307158 0.025544
1.307440 0.025316
1.307723 0.025044
1.308006 0.024892
1.308289 0.024681
1.308572 0.024625
1.308855 0.024392
1.309137 0.024435
1.309420 0.024267
1.309703 0.023997
1.309986 0.024004
1.310269 0.023648
1.310552 0.023454
1.310835 0.023377
1.311117 0.023208
1.311400 0.023097
1.311683 0.022725
1.311966 0.022711
1.312249 0.022687
1.312532 0.022438
1.312814 0.022302
1.313097 0.022251
1.313380 0.022005
1.313663 0.021654
1.313946 0.022090
1.314229 0.021377
1.314512 0.021584
1.314794 0.021366
1.315077 0.020964
1.315360 0.021011
1.315643 0.020849
1.315926 0.020828
1.316209 0.020556
1.316491 0.020358
1.316774 0.020386
1.317057 0.020286
1.317340 0.020240
1.317623 0.019970
1.317906 0.019714
1.318188 0.019489
1.318471 0.019355
1.318754 0.019203
1.319037 0.019037
1.319320 0.019020
1.319603 0.018982
1.319886 0.018895
1.320168 0.018641
1.320451 0.018459
1.320734 0.018337
1.321017 0.018196
1.321300 0.018195
1.321583 0.018266
1.321865 0.018007
1.322148 0.017869
1.322431 0.017468
1.322714 0.017631
1.322997 0.017338
1.323280 0.017153
1.323562 0.017037
1.323845 0.016850
1.324128 0.016825
1.324411 0.016699
1.324694 0.016463
1.324977 0.016549
1.325260 0.016183
1.325542 0.016378
1.325825 0.016004
1.326108 0.016105
1.326391 0.015936
1.326674 0.015707
1.326957 0.015505
1.327239 0.015496
1.327522 0.015485
1.327805 0.015185
1.328088 0.015091
1.328371 0.015157
1.328654 0.014878
1.328936 0.014850
1.329219 0.014694
1.329502 0.014502
1.329785 0.014565
1.330068 0.014143
1.330351 0.014071
1.330634 0.014356
1.330916 0.014118
1.331199 0.013829
1.331482 0.013724
1.331765 0.013500
1.332048 0.013474
1.332331 0.013317
1.332613 0.013402
1.332896 0.013141
1.333179 0.013022
1.333462 0.012977
1.333745 0.012950
1.334028 0.012920
1.334310 0.012816
1.334593 0.012436
1.334876 0.012511
1.335159 0.012357
1.335442 0.012249
1.335725 0.012060
1.336008 0.012100
1.336290 0.011951
1.336573 0.011663
1.336856 0.011717
1.337139 0.011641
1.337422 0.011449
1.337705 0.011523
1.337987 0.011471
1.338270 0.011338
1.338553 0.011040
1.338836 0.010789
1.339119 0.010809
1.339402 0.010868
1.339685 0.010704
1.339967 0.010602
1.340250 0.010427
1.340533 0.010512
1.340816 0.010162
1.341099 0.010173
1.341382 0.010295
1.341664 0.010067
1.341947 0.010018
1.342230 0.009838
1.342513 0.009744
1.342796 0.009552
1.343079 0.009630
1.343361 0.009533
1.343644 0.009345
1.343927 0.009228
1.344210 0.009130
1.344493 0.009045
1.344776 0.009052
1.345059 0.009039
1.345341 0.008857
1.345624 0.008721
1.345907 0.008770
1.346190 0.008667
1.346473 0.008511
1.346756 0.008425
1.347038 0.008311
1.347321 0.008330
1.347604 0.008133
1.347887 0.008145
1.348170 0.007939
1.348453 0.007988
1.348735 0.007773
1.349018 0.007704
1.349301 0.007671
1.349584 0.007637
1.349867 0.007538
1.350150 0.007399
1.350433 0.007370
1.350715 0.007272
1.350998 0.007171
1.351281 0.007102
1.351564 0.007167
1.351847 0.007006
1.352130 0.006956
1.352412 0.006940
1.352695 0.006577
1.352978 0.006661
1.353261 0.006605
1.353544 0.006514
1.353827 0.006395
1.354109 0.006485
1.354392 0.006335
1.354675 0.006248
1.354958 0.006136
1.355241 0.006073
1.355524 0.005963
1.355807 0.005873
1.356089 0.005798
1.356372 0.005968
1.356655 0.005668
1.356938 0.005721
1.357221 0.005579
1.357504 0.005526
1.357786 0.005503
1.358069 0.005258
1.358352 0.005233
1.358635 0.005135
1.358918 0.005113
1.359201 0.005127
1.359483 0.005082
1.359766 0.005077
1.360049 0.004899
1.360332 0.004913
1.360615 0.004805
1.360898 0.004808
1.361181 0.004699
1.361463 0.004621
1.361746 0.004534
1.362029 0.004581
1.362312 0.004477
1.362595 0.004388
1.362878 0.004315
1.363160 0.004233
1.363443 0.004271
1.363726 0.004170
1.364009 0.004078
1.364292 0.004096
1.364575 0.004037
1.364858 0.004057
1.365140 0.003801
1.365423 0.003874
1.365706 0.003773
1.365989 0.003691
1.366272 0.003674
1.366555 0.003669
1.366837 0.003604
1.367120 0.003436
1.367403 0.003463
1.367686 0.003385
1.367969 0.003332
1.368252 0.003254
1.368534 0.003187
1.368817 0.003259
1.369100 0.003131
1.369383 0.003119
1.369666 0.003090
1.369949 0.002975
1.370232 0.002998
1.370514 0.002909
1.370797 0.002885
1.371080 0.002803
1.371363 0.002724
1.371646 0.002745
1.371929 0.002678
1.372211 0.002616
1.372494 0.002653
1.372777 0.002538
1.373060 0.002527
1.373343 0.002535
1.373626 0.002416
1.373908 0.002357
1.374191 0.002349
1.374474 0.002260
1.374757 0.002273
1.375040 0.002208
1.375323 0.002164
1.375606 0.002198
1.375888 0.002140
1.376171 0.002018
1.376454 0.002044
1.376737 0.002008
1.377020 0.001967
1.377303 0.001940
1.377585 0.001900
1.377868 0.001807
1.378151 0.001848
1.378434 0.001838
1.378717 0.001739
1.379000 0.001743
1.379282 0.001720
1.379565 0.001641
1.379848 0.001613
1.380131 0.001647
1.380414 0.001600
1.380697 0.001552
1.380980 0.001470
1.381262 0.001428
1.381545 0.001441
1.381828 0.001430
1.382111 0.001338
1.382394 0.001333
1.382677 0.001278
1.382959 0.001330
1.383242 0.001235
1.383525 0.001180
1.383808 0.001199
1.384091 0.001140
1.384374 0.001170
1.384656 0.001127
1.384939 0.001106
1.385222 0.001103
1.385505 0.001029
1.385788 0.001029
1.386071 0.000980
1.386354 0.000991
1.386636 0.000961
1.386919 0.000911
1.387202 0.000926
1.387485 0.000887
1.387768 0.000832
1.388051 0.000839
1.388333 0.000811
1.388616 0.000825
1.388899 0.000796
1.389182 0.000765
1.389465 0.000737
1.389748 0.000698
1.390031 0.000697
1.390313 0.000682
1.390596 0.000639
1.390879 0.000652
1.391162 0.000613
1.391445 0.000602
1.391728 0.000549
1.392010 0.000570
1.392293 0.000570
1.392576 0.000518
1.392859 0.000499
1.393142 0.000460
1.393425 0.000458
1.393707 0.000481
1.393990 0.000420
1.394273 0.000400
1.394556 0.000387
1.394839 0.000407
1.395122 0.000362
1.395405 0.000368
1.395687 0.000371
1.395970 0.000320
1.396253 0.000328
1.396536 0.000316
1.396819 0.000296
1.397102 0.000329
1.397384 0.000286
1.397667 0.000284
1.397950 0.000241
1.398233 0.000224
1.398516 0.000220
1.398799 0.000222
1.399081 0.000208
1.399364 0.000192
1.399647 0.000194
1.399930 0.000166
1.400213 0.000163
1.400496 0.000165
1.400779 0.000153
1.401061 0.000155
1.401344 0.000141
1.401627 0.000127
1.401910 0.000134
1.402193 0.000137
1.402476 0.000119
1.402758 0.000109
1.403041 0.000096
1.403324 0.000095
1.403607 0.000087
1.403890 0.000067
1.404173 0.000071
1.404455 0.000071
1.404738 0.000062
1.405021 0.000063
1.405304 0.000069
1.405587 0.000047
1.405870 0.000060
1.406153 0.000039
1.406435 0.000040
1.406718 0.000048
1.407001 0.000044
1.407284 0.000035
1.407567 0.000029
1.407850 0.000027
1.408132 0.000021
1.408415 0.000022
1.408698 0.000016
1.408981 0.000020
1.409264 0.000011
1.409547 0.000010
1.409830 0.000013
1.410112 0.000008
1.410395 0.000005
1.410678 0.000004
1.410961 0.000007
1.411244 0.000005
1.411527 0.000001
1.411809 0.000002
1.412092 0.000002
1.412375 0.000001
1.412658 0.000001
1.412941 0.000001
1.413224 0.000001
1.413506 0.000000
1.413789 0.000000
1.414072 0.000000
